0  4.601682519760439
1  4.605583952829247
2  4.617692104976384
3  4.639584555160131
4  4.674312564973607
5  4.726247586519955
6  4.800891306415523
7  4.904640904525297
8  5.044463777148282
9  5.227404502721222
10  5.459867870211229
11  5.746731089416536
12  6.090488179976016
13  6.490680591818674
14  6.943727997904277
15  7.443054536409774
16  7.979326763075344
17  8.540725405551843
18  9.11329988410928
19  9.681480844579438
20  10.228778868575565
21  10.73864297282047
22  11.19541574232748
23  11.58530069422013
24  11.89724853067741
25  12.123672218207671
26  12.260916497124763
27  12.309434307233138
28  12.273656733781689
29  12.16157885219601
30  11.98411505921956
31  11.754299233521916
32  11.486414724783627
33  11.195137023453789
34  10.894760038150714
35  10.598558524691994
36  10.318317966789259
37  10.064042008968878
38  9.84382894420564
39  9.663894258217987
40  9.528707170145351
41  9.441206464457629
42  9.403065046927392
43  9.414980789959257
44  9.47697753972215
45  9.588699311229247
46  9.749674231316606
47  9.959519310174468
48  10.218059762245659
49  10.525347986133418
50  10.881583383059384
51  11.286947366501773
52  11.741373047743313
53  12.244265827274155
54  12.794186117645252
55  13.38850600853972
56  14.023059545334222
57  14.691816217860326
77  14.779986548606987
78  13.601495774337168
79  12.393770629354337
80  11.182148229990393
81  9.99058627931382
82  8.840769866636569
83  7.751402439825318
84  6.737704969508461
85  5.811067791671033
86  4.978557641397405
87  4.241700102748379
88  3.594613770948385
89  3.023925574245009
90  2.5139951233252873
91  2.054597795759169
92  3.2062118681952074
93  3.683226657446669
94  4.208552376664279
95  4.7949472560610005
96  5.449307265585248
97  6.1707078328118135
98  6.951555032642782
99  7.779263099470857
100  8.637378265228069
101  9.506309194394733
102  10.36405414043685
103  11.187093730436679
104  11.951450750208819
105  12.633857614257462
106  13.212952690230917
107  13.670419706503234
108  13.991985247143718
109  14.1681976996951
110  14.194926948699297
111  14.07354646251451
112  13.810786151115524
113  13.418272115171801
114  12.911795057759322
115  12.310369663839996
116  11.635160888583483
117  10.90835920911411
118  10.15208569432052
119  9.387400280457085
120  8.633473727214403
121  7.906966409175393
122  7.221634127310472
123  6.588143114559621
124  6.014005000842578
125  5.503455917671438
126  5.057141548649187
127  4.671769923127087
128  4.3402271928271166
129  4.052533657284883
130  3.7974437235108027
131  3.5640555965848213
132  3.3428956623059833
133  3.126361007005087
134  2.908716030347916
135  3.4986459570096193
136  3.685838089725796
137  3.8790147777380177
138  4.086064311617073
139  4.315734266096064
140  4.577136363254932
141  4.878904416976188
142  5.228100537131867
143  5.629143286698438
144  6.083093702962771
145  6.5874715240581825
146  7.136483924128159
147  7.721395988450714
148  8.33087307568394
149  8.951311196578258
150  9.567250075464685
151  10.161931244432587
152  10.718006071022268
153  11.218359467672274
154  11.646993794109015
155  11.989906186959201
156  12.235888558698583
157  12.377182745231138
158  12.409933736029508
159  12.334401079704845
160  12.15491067129049
161  11.87955342739363
162  11.519660612262383
163  11.089104890433706
164  10.603489346066228
165  10.079292644467369
166  9.533037434498995
167  8.980541801534883
168  8.43630119241747
169  7.913032181374428
170  7.421389462682646
171  6.969841996768785
172  6.564663339570783
173  6.209970215461366
174  5.907765599443727
175  5.658019706929934
176  5.458892494610437
177  5.3071770509374145
178  5.198929161905868
179  5.13015005618235
180  5.09738365791146
181  5.098152956400278
182  5.1312244025917835
183  5.196718014565049
184  5.296078896812632
185  5.431910888622263
186  5.607659943316365
187  5.827136189226461
188  6.093891961800122
189  6.410529429023035
190  6.7780655888468875
191  7.1954798811327825
192  7.65948623046433
193  8.164467868049613
194  8.702482689785828
195  9.263303851851123
196  9.834529665382563
197  10.401817992078449
198  10.949280043373351
199  11.460038252528976
200  11.916928240156588
201  12.303306565591463
202  12.603912142746577
203  12.80571953678658
204  12.898717866842137
205  12.876550607037238
206  12.736959681814223
207  12.481991888931791
208  12.117945371358879
209  11.65505663552427
210  11.106951714199973
211  10.489905323587317
212  9.821967478492722
213  9.122026157186445
214  8.408877114014098
215  7.700367866370973
216  7.012672609145834
217  6.359735774259102
218  5.752882328993419
219  5.200513021816626
220  4.707709262019188
221  4.275629279129954
222  3.9009473230045697
223  3.5760168409775117
224  3.2903089184224754
225  3.0328147537124366
226  2.79423113744373
227  2.5678163396283056
228  3.09624874812413
229  3.411655486723165
230  3.741273871153759
231  4.092978250947232
232  4.476522549794361
233  4.901879004579858
234  5.377435965266528
235  5.908580153423623
236  6.496969041527646
237  7.140506212987677
238  7.833732843911139
239  8.568265052559735
240  9.33309839571032
241  10.114830185600596
242  10.897922760861942
243  11.665085197470109
244  12.39779299643743
245  13.076932258494704
246  13.683538211839112
247  14.199588584527282
248  14.608806264876486
249  14.897423182079336
250  15.054857982715763
251  15.074264076300537
252  14.952911645965678
253  14.692376967187634
254  14.298524085877546
255  13.781277054442343
256  13.15419445571787
257  12.433870856782967
258  11.63920117796354
259  10.790552748420728
260  9.908895343689466
261  9.014941376109821
262  8.12834639319105
263  7.267014052643491
264  6.446536777616331
265  5.67976787134422
266  4.976421803671765
267  4.342436410765861
268  3.778867974058094
269  3.280802919884451
270  2.8379507957469396
271  2.4384852493027114
272  2.074330767947351
273  2.5483205905772772
274  2.913631162903979
275  3.3036618855875854
276  3.7266923290359526
277  4.192684034038712
278  4.708891341620996
279  5.277479504466849
280  5.895365246518866
281  6.555138648576234
282  7.24609662079478
283  7.955012666350763
284  8.666712697686455
285  9.364629517671386
286  10.031427006236125
287  10.649702055286548
288  11.20273327445453
289  11.675232265321606
290  12.054050015930057
291  12.328792776992568
292  12.492307233725372
293  12.541003456246399
294  12.47499532939785
295  12.298050957195494
296  12.017358797208603
297  11.643127956450174
298  11.188051880929445
299  10.666673065236287
300  10.094691648909569
301  9.488262638307857
302  8.863325080913919
303  8.23500199377724
304  7.617102227278993
305  7.021744048357298
306  6.459101729471276
307  5.937244758581201
308  5.4620000885866515
309  5.036760971696797
310  4.662251153851812
311  4.336408311722589
312  4.054621896716405
313  3.8104229449903047
314  3.5964683756896214
315  3.405511210633669
316  3.2311056480919005
317  3.067970500208267
318  2.9120758291310094
319  2.760562355645914
320  2.6115811064597523
321  2.464102588521839
322  2.6455457781635534
323  2.725326542362392
324  2.8045857888226733
325  2.885246770171899
326  2.969518829038451
327  3.0599921925996463
328  3.159712343431818
329  3.272218809873944
330  3.401528428642448
331  3.552037950044026
332  3.7283206964807305
333  3.9348048887971405
334  4.175352305832544
335  4.452798852974355
336  4.7685521778542945
337  5.122339674649829
338  5.512153885592843
339  5.934374699223355
340  6.384001063294826
341  6.854924278995023
342  7.340206474737198
343  7.832359027152136
344  8.323627390999414
345  8.8062842465116
346  9.272923634522725
347  9.716742068516442
348  10.131790338637286
349  10.513180920529694
350  10.857239005927646
351  11.161589849010639
352  11.425179946892982
353  11.6482346398901
354  11.8321589463687
355  11.979391959460246
356  12.093227311612996
357  12.177613333776277
358  12.236946240382435
359  12.275868572027896
360  12.299083145953938
361  12.311190280719911
362  12.316553425601493
363  12.319195659408944
364  12.32272706586081
365  12.330300953790996
366  12.344595223144013
367  12.367814054281057
368  12.401704431439295
369  12.447581722132023
370  12.506358808719419
371  12.578573736203323
372  12.664411634756673
373  12.763717785722545
374  12.8759998614737
375  13.00041876986838
376  13.135768856760079
377  13.28044963033856
378  13.432432359026022
379  13.589226066059066
380  13.747848173758543
381  13.904805625170356
382  14.056092408619746
383  14.197209117481783
384  14.323209390258771
385  14.428776852188415
386  14.508334480613508
387  14.556186299458549
388  14.566688905537093
389  14.534447922205002
390  14.454532002121537
391  14.322694805358479
392  14.135593537359691
393  13.890991465331028
394  13.587931489828295
395  13.226868317706918
396  12.809748410691933
397  12.340029352815339
398  11.822633722750437
399  11.263836542505315
400  10.671089735736045
401  10.052791328159135
402  9.418011029941496
403  8.776186897036396
404  8.136809838003696
405  7.509113249387827
406  6.901783406284656
407  6.322700865713424
408  5.778711563675882
409  5.27540892501036
410  4.816895646595803
411  4.4055098750304
412  4.041562002577271
413  3.723206182536926
414  3.4465914372190576
415  3.206353749756637
416  2.9963632185054214
417  2.8105313722644296
418  2.6434812426781873
419  2.49096542364491
420  2.3500092315439587
421  2.2188085240460147
422  2.0964336802524035
423  1.98241111404038
424  2.424433134347883
425  2.5983167079396168
426  2.778918438392816
427  2.9676159667951953
428  3.1669189134459144
429  3.3804552005407533
430  3.6128210296215997
431  3.8693116060638206
432  4.155532894082949
433  4.476897314390883
434  4.838039968782041
435  5.242242238574259
436  5.690980190290966
437  6.183690779580531
438  6.717768383451914
439  7.288717770954745
440  7.89035982499513
441  8.515025529577875
442  9.153734256719309
443  9.796385619366042
444  10.431992760003022
445  11.048968662500492
446  11.63546237514529
447  12.17973281827297
448  12.670542889535223
449  13.097554003635988
450  13.45170037716099
451  13.725523013315131
452  13.913445327394092
453  14.011975605371426
454  14.019825630457081
455  13.937939635995114
456  13.769432949946538
457  13.519444738853675
458  13.194914061084841
459  12.804292558996597
460  12.357210250625563
461  11.864113002389125
462  11.33589110244325
463  10.783517943944915
464  10.217716176578483
465  9.648665936678732
466  9.085766152416964
467  8.537455442770554
468  8.011093861060603
469  7.512900448278515
470  7.047934706556034
471  6.620105253693031
472  6.232191562390728
473  5.885877886086268
474  5.581817114305399
475  5.319751568083796
476  5.098706584073863
477  4.917245301398209
478  4.773747127085017
479  4.666663284529359
480  4.594711802968405
481  4.556992159053703
482  4.553015498095044
483  4.58265526459007
484  4.646026598018698
485  4.743305913723251
486  4.87450821488339
487  5.039249048415232
488  5.23652542354542
489  5.464550028201614
490  5.720661700457612
491  6.001317301844326
492  6.302154466618198
493  6.618108039395762
494  6.9435654984302575
495  7.272552056964661
496  7.598939300706969
497  7.916670493030107
498  8.219992555275056
499  8.503681990800557
500  8.763250583667489
501  8.995117379206189
502  9.19673579552334
503  9.366668114497294
504  9.50460399282398
505  9.611323915864642
506  9.68861268544005
507  9.739131387090437
508  9.766258685305502
509  9.773913495274876
510  9.766371203622988
511  9.748084645450778
512  9.723519265002338
513  9.697009644243462
514  9.67264194094846
515  9.654164285095419
516  9.644924878498953
517  9.64783551034263
518  9.665356841078824
519  9.699500773825859
520  9.751844725801979
521  9.823552558872146
522  9.915397148443025
523  10.027780103854257
524  10.160745018733424
525  10.313981700247053
526  10.486819995902009
527  10.678213129749924
528  10.886711771097161
529  11.11043120650394
530  11.34701516954015
531  11.593600741963005
532  11.846789520164855
533  12.102630741065932
534  12.356622100846511
535  12.603733678355205
536  12.838459585834562
537  13.054900599106523
538  13.246879321559978
539  13.408087308670028
540  13.53226129824548
541  13.613383254672407
542  13.64589666140024
543  13.624929509163033
544  13.546512821934186
545  13.407782717230246
546  13.207153765011457
547  12.944452149710656
548  12.620998708283478
549  12.239634250876927
550  11.804682824645086
551  11.321852044285547
552  10.798073628685597
553  10.241291067996347
554  9.660204791574563
555  9.063988019647645
556  8.461988388675156
557  7.86343110031119
558  7.277138648350612
559  6.711278897344641
560  6.173146553677831
561  5.668971104421582
562  5.203730948700506
563  4.780950921076323
564  4.402486741966938
565  4.068354344111815
566  3.7767079664584493
567  3.524055951592163
568  3.3057175342879597
569  3.1164201954798236
570  2.950887000964957
571  2.804292545002146
572  2.672540197661883
573  2.552377499073704
574  2.4413926688632004
575  2.3379305851208376
576  2.240952405698068
577  2.1498545576112353
578  2.064264000712914
579  2.320691247408314
580  2.4527155346608
581  2.5882068119811454
582  2.727427812464847
583  2.871211913804827
584  3.0210530217177274
585  3.1791531180553445
586  3.3484346366030113
587  3.532516333414626
588  3.7356368527844683
589  3.962496800703879
590  4.217987341064643
591  4.50679072701177
592  4.832878887372297
593  5.198988075044363
594  5.606181142619448
595  6.053592899108486
596  6.538384881414587
597  7.055855489033958
598  7.599616675158733
599  8.161776497042291
600  8.733119377465464
601  9.30330836645319
602  9.86113467668929
603  10.394825360783711
604  10.892405529879817
605  11.342101706282593
606  11.732767406686508
607  12.054309042715694
608  12.298089136597428
609  12.4572842937148
610  12.527177454483521
611  12.505367318185185
612  12.39188234420281
613  12.189192211390315
614  11.902115449182595
615  11.53762807471273
616  11.104583757391904
617  10.613361204678576
618  10.075458494963645
619  9.503056860033597
620  8.908577727093752
621  8.30425643390877
622  7.701753987896986
623  7.1118239187187475
624  6.5440434820475035
625  6.006604057142506
626  5.50613407212876
627  5.0475099161767725
628  4.6336256503772315
629  4.265162918292183
630  3.9404945705276053
631  3.6558783641854555
632  3.4059982088581893
633  3.184747816420502
634  2.986046018132706
635  2.8044908378190407
636  2.635761294839403
637  2.4767737986863865
638  2.3256431102009447
639  2.181497568931668
640  2.0441902298900767
641  2.2579939494190664
642  2.377183627436789
643  2.4994186014651385
644  2.625257558489806
645  2.7558999972146183
646  2.8932911118185505
647  3.040131569910719
648  3.199810148298351
649  3.3762725230327546
650  3.5738251681297486
651  3.796863542136996
652  4.049520063795014
653  4.33525262565974
654  4.656428881562552
655  5.013984730583383
656  5.407226595340369
657  5.833803470248102
658  6.289819297620942
659  6.770023765277612
660  7.268026581985512
661  7.776511069749515
662  8.287449802793263
663  8.792334179247263
664  9.2824248009273
665  9.749020737477796
666  10.183738756385578
667  10.578789842312501
668  10.92723912143516
669  11.223235777730666
670  11.462201177037644
671  11.640965943050087
672  11.757849775662157
673  11.812681259788745
674  11.80675840459003
675  11.742754049022317
676  11.624573088887809
677  11.45717093481714
678  11.246344205543158
679  10.99850545042101
680  10.72045384697969
681  10.41915301984001
682  10.101525790820165
683  9.774273782938181
684  9.44372756666048
685  9.115730475796266
686  8.79555681849322
687  8.487862878608896
688  8.196667095142494
689  7.925354548466065
690  7.676700339996989
691  7.452906803328753
692  7.255650240535747
693  7.086133520174891
694  6.9451408843039255
695  6.833090559058548
696  6.750079806749218
697  6.695916980225664
698  6.670135941999849
699  6.671990905556897
700  6.700432876269704
701  6.754072334916095
702  6.831135388700263
703  6.9294218274123045
704  7.0462734975987775
705  7.178559970746784
706  7.322686869823349
707  7.474630461167831
708  7.6300005165626095
709  7.7841319788161245
710  7.932204176703077
711  8.069384340368421
712  8.190989754417851
713  8.292660781239396
714  8.37053511324932
715  8.421412502980873
716  8.442899021898999
717  8.433520787747707
718  8.3927987070319
719  8.321278536339934
720  8.220513676636406
721  8.093001615131227
722  7.9420783558892545
723  7.771778199115218
724  7.58666858925526
725  7.391671081390852
726  7.191879904227903
727  6.9923888097460445
728  6.798135273701417
729  6.61376870365245
730  6.443546718900003
731  6.291261176383828
732  6.160193993536102
733  6.053101967648218
734  5.9722291779970735
735  5.919344530461156
736  5.895799596453166
737  5.902598818486187
738  5.940470946014485
739  6.009929143616445
740  6.111308116634464
741  6.244770151007658
742  6.410277113332594
743  6.607531535919721
744  6.835895231203449
745  7.094297169630933
746  7.381142693260657
747  7.694233764488634
748  8.030706039283768
749  8.386985337962447
750  8.758764943816864
751  9.141005983688931
752  9.52796465509169
753  9.913250878907295
754  10.289922199243586
755  10.650614738708555
756  10.98771034444644
757  11.29353605561205
758  11.56058936872995
759  11.78178030183563
760  11.950679427391321
761  12.061759764769485
762  12.110619896518326
763  12.094175966009177
764  12.010811342055796
765  11.860474544873124
766  11.644718683919326
767  11.366678677143838
768  11.030986000189369
769  10.643624320103195
770  10.211732718255705
771  9.743366293478868
772  9.247226418290856
773  8.732374495494085
774  8.207943808446437
775  7.682863651037511
776  7.165608134623395
777  6.6639784248824645
778  6.18492070720495
779  5.734373237425282
780  5.317127722911679
781  4.936691921489596
782  4.595160073945392
783  4.293131037922899
784  4.029736090566979
785  3.802822440381351
786  3.6092843096983076
787  3.445474473249224
788  3.3076029719941475
789  3.192048459285055
790  3.095551426617973
791  3.0152989335156453
792  2.9489314178191637
793  2.894504524035245
794  2.8504314095917977
795  2.8154214958124517
796  2.788424002507381
797  2.768579690665908
798  2.755181535939161
799  2.747643791647186
800  2.7454784470246243
801  2.7482780386955534
802  2.7557039000806123
803  2.767479115809632
804  2.783385631895388
805  2.8032651376407878
806  2.827023479724496
807  2.8546384985262385
808  2.8861713001956564
809  2.921781102884778
810  2.9617439244596904
811  3.0064755032215085
812  3.056558933041464
813  3.1127774831685917
814  3.176152832824106
815  3.24798826027877
816  3.329914841230631
817  3.423935971596487
818  3.532461080799829
819  3.6583131655286056
820  3.804687789919667
821  3.975036585599588
822  4.172851581764566
823  4.401343927218015
824  4.663042953685298
825  4.959379320930649
826  5.290337935065499
827  5.654252556309067
828  6.047765136597438
829  6.465917361798437
830  6.902316267147014
831  7.349329925511423
832  7.798301241721201
833  8.239789524905156
834  8.663851933148287
835  9.06036768000421
836  9.419397019445357
837  9.731559204155964
838  9.988409437839879
839  10.182793075424469
840  10.309155851973594
841  10.363791034611326
842  10.345007921675172
843  10.253211017042982
844  10.090884618035304
845  9.862483754520307
846  9.574238167279313
847  9.233881604509904
848  8.850323146343635
849  8.433280563569625
850  7.99289756990231
851  7.5393669213190195
852  7.082579669574581
853  6.631816953521187
854  6.195493870732714
855  5.780954388386549
856  5.394304096260696
857  5.040261392226039
858  4.722019888784479
859  4.441148635522535
860  4.197591276438657
861  3.989824731180046
862  3.8151877941280814
863  3.670319852377618
864  3.5516083105492577
865  3.455554666910229
866  3.3790160927415642
867  3.319327418055482
868  3.2743354189232297
869  3.2423820709283886
870  3.2222658378956774
871  3.213199578202329
872  3.214775092195417
873  3.2269387767137414
874  3.249979651221349
875  3.2845291198223396
876  3.331570272827116
877  3.392452534844375
878  3.468904454375198
879  3.563033152412135
880  3.677293857148646
881  3.8144087881931634
882  3.9772148419099573
883  4.1684284714139626
884  4.3903364481756615
885  4.644449318587346
886  4.931178479076051
887  5.249601803692823
888  5.597359170285962
889  5.970677883303576
890  6.36449359205372
891  6.772623699637368
892  7.187965641637292
893  7.602713086792532
894  8.008594454006703
895  8.397137290761705
896  8.759955432373753
897  9.089048834955841
898  9.377101685043064
899  9.617762424503923
900  9.805889578654256
901  9.937749105393047
902  10.011151777303352
903  10.025523133006237
904  9.981902654947577
905  9.88287349335585
906  9.732428322688934
907  9.535780740355316
908  9.299134601976595
909  9.02942581230581
910  8.734051896520517
911  8.420604557635256
912  8.096619136550506
913  7.769352529929381
914  7.44559801263771
915  7.1315416081786465
916  6.8326604967808535
917  6.5536603410267755
918  6.298446537740214
919  6.070125163494775
920  5.871032606182838
921  5.702795966252883
922  5.566426143320021
923  5.462440234195938
924  5.39100159679805
925  5.352058586629128
926  5.345460377244796
927  5.37103100683611
928  5.428589512355673
929  5.517912541745318
930  5.6386446800016845
931  5.790169941053998
932  5.971464265255896
933  6.180951678734952
934  6.416384523680848
935  6.674761383046087
936  6.952287809764377
937  7.244378743085009
938  7.545699589479145
939  7.850244448456064
940  8.15145195754289
941  8.442359441537942
942  8.715793980001392
943  8.964595461298972
944  9.181863012956928
945  9.361212981505762
946  9.497034492876864
947  9.58472761241151
948  9.620909358220347
949  9.603574175960992
950  9.532197992193355
951  9.40777836646634
952  9.232807300930794
953  9.01117768448252
954  8.748028733777295
955  8.449539802932929
956  8.122685144995172
957  7.774964644199898
958  7.414126467591117
959  7.047897384831698
960  6.683734597631481
961  6.3286093291202645
962  5.988827213519133
963  5.669884728161564
964  5.3763570957522555
965  5.11181506855581
966  4.878777242655484
967  4.678715845937155
968  4.512137552438384
969  4.378748853876423
970  4.277691910674588
971  4.207815111079005
972  4.167935201100038
973  4.157056361873748
974  4.17452803618416
975  4.22013718288981
976  4.294137212642043
977  4.397215347105297
978  4.530397008768323
979  4.694884835804717
980  4.891835523042343
981  5.1220900268907625
982  5.385888687196308
983  5.682613611753349
984  6.010597694675728
985  6.367021082045607
986  6.747890845091948
987  7.148082696070347
988  7.561423115885381
989  7.980801664690571
990  8.398315016297008
991  8.805449009471925
992  9.193302197000326
993  9.55284859158524
994  9.875231336351122
995  10.1520746765726
996  10.375798793992063
997  10.539920757472464
998  10.639324658183897
999  10.67048525836308
1000  10.631631590116271
1001  10.522840242501506
1002  10.34605195875181
1003  10.105009638281478
1004  9.80512049005348
1005  9.453249677274991
1006  9.057456674501456
1007  8.626689125128664
1008  8.170451117839153
1009  7.6984640589236975
1010  7.220337954712058
1011  6.745268980480828
1012  6.281774687778606
1013  5.837470155014781
1014  5.418877297665262
1015  5.031249947152503
1016  4.6784005038015195
1017  4.362540381247028
1018  4.084187230879451
1019  3.842214466980458
1020  3.6340906030402493
1021  3.4562847073595306
1022  3.304745784653516
1023  3.17534383825001
1024  3.064194124346845
1025  2.9678426340331865
1026  2.883334971110067
1027  2.8082084321024094
1028  2.7404442512700826
1029  2.6784057398038947
1030  2.6207768466943024
1031  2.5665076789043693
1032  2.5147688188665747
1033  2.464913923418584
1034  2.4164491383336184
1035  2.3690076639772473
1036  2.322327976054815
1037  2.276234532835641
1038  2.2306201756169752
1039  2.185429788807943
1040  2.1406450884306425
1041  2.223286715200239
1042  2.2691535523380346
1043  2.3142207162447157
1044  2.3584884407254214
1045  2.4020047336574084
1046  2.4448738446069136
1047  2.487263354927474
1048  2.5294102380697767
1049  2.571626422292348
1050  2.6143045345074842
1051  2.657924609342779
1052  2.703062614592458
1053  2.7504016758247922
1054  2.8007468729605836
1055  2.8550444043478356
1056  2.914405709399219
1057  2.9801366972072554
1058  3.0537713618337845
1059  3.137107509733447
1060  3.232239764557848
1061  3.3415812132077067
1062  3.467860174132413
1063  3.6140736973890135
1064  3.78337713725143
1065  3.9788934979820825
1066  4.203440998202415
1067  4.459202239919786
1068  4.7473856956666145
1069  5.067945389618596
1070  5.419414253600508
1071  5.798871675785285
1072  6.202024508884804
1073  6.623357839660703
1074  7.056316811792992
1075  7.493501979623572
1076  7.92687921837186
1077  8.348010999449466
1078  8.748312115897571
1079  9.119325794154918
1080  9.453010275016016
1081  9.742022682593161
1082  9.979985539872464
1083  10.161721831981135
1084  10.283445849780072
1085  10.342899600499136
1086  10.339427629418907
1087  10.27398667018405
1088  10.149090376634568
1089  9.968692978952998
1090  9.738019259890581
1091  9.463350926620677
1092  9.15178169667894
1093  8.810954706813504
1094  8.448796166832059
1095  8.073258628948773
1096  7.692085771532862
1097  7.312608084228039
1098  6.941575458156301
1099  6.585028526823121
1100  6.248206166932656
1101  5.935483805155033
1102  5.650337766253127
1103  5.395336440194495
1104  5.172166505534278
1105  4.981706179406238
1106  4.8241525012166475
1107  4.699196149950786
1108  4.606222647445064
1109  4.544510479036853
1110  4.513398034626131
1111  4.512399282423836
1112  4.541257920980421
1113  4.599937296790149
1114  4.688548519939926
1115  4.807223612843434
1116  4.955946154938789
1117  5.1343590398531225
1118  5.341575101362405
1119  5.576017772043088
1120  5.835313050987472
1121  6.11624219646017
1122  6.414752359141603
1123  6.726015017772712
1124  7.044521969610398
1125  7.3642124820920465
1126  7.678628973030091
1127  7.981099375975625
1128  8.264942485726527
1129  8.523689379701102
1130  8.751311116304397
1131  8.942441099134532
1132  9.092579656362153
1133  9.19826903918242
1134  9.257228378692782
1135  9.268440628783383
1136  9.232186408823825
1137  9.150023006148986
1138  9.024710316082539
1139  8.86008874309786
1140  8.660916924666438
1141  8.432679464843424
1142  8.181376221866515
1143  7.913305232279087
1144  7.634851058698691
1145  7.3522889637521525
1146  7.071613232804332
1147  6.798395257201189
1148  6.537673825958476
1149  6.293877467074204
1150  6.07077697451523
1151  5.871466508204182
1152  5.698373103256825
1153  5.553295868233852
1154  5.437475192569495
1155  5.351688351368369
1156  5.296361705077755
1157  5.271684326564427
1158  5.277705568814362
1159  5.3144007293756195
1160  5.38169383259658
1161  5.479433229822934
1162  5.607322945162442
1163  5.764819638706762
1164  5.951010648941176
1165  6.1644914659765595
1166  6.403259763319823
1167  6.664638419174385
1168  6.94523323613399
1169  7.240925713693636
1170  7.546898682953311
1171  7.857693391191831
1172  8.167298145820663
1173  8.469269374437792
1174  8.756884928863412
1175  9.023327080253374
1176  9.261889659569942
1177  9.466201037710569
1178  9.63045257651513
1179  9.74962074830412
1180  9.819670698437651
1181  9.83772947066366
1182  9.802218323685688
1183  9.712935688377563
1184  9.571085040499602
1185  9.379245170213464
1186  9.14128371945485
1187  8.862218321415275
1188  8.54803293238078
1189  8.205459476743346
1190  7.841736981059784
1191  7.464361391879681
1192  7.080839267995627
1193  6.698457179775351
1194  6.324076029125779
1195  5.9639550176451355
1196  5.623605022631392
1197  5.307667386328447
1198  5.019815482617781
1199  4.762684784776561
1200  4.537849445257976
1201  4.345869728236678
1202  4.186426161215498
1203  4.058533650809273
1204  3.9608040944306233
1205  3.8917138091243517
1206  3.849837188430439
1207  3.834024820101957
1208  3.843521782598375
1209  3.8780324684793515
1210  3.9377403410919323
1211  4.0232869962397935
1212  4.135708646422806
1213  4.276323450273305
1214  4.4465632479722474
1215  4.647750543623122
1216  4.880835427808916
1217  5.146123539923117
1218  5.443036329975772
1219  5.769941086431174
1220  6.124069593472093
1221  6.501519815760468
1222  6.897318538261379
1223  7.305522131779955
1224  7.719343063337877
1225  8.131301244581024
1226  8.533404526838865
1227  8.917360864724058
1228  9.274819937683459
1229  9.597636891403512
1230  9.8781472845574
1231  10.109440174522689
1232  10.285615337013569
1233  10.402011012276663
1234  10.455389628623815
1235  10.444071139185018
1236  10.36800627600758
1237  10.228785394068042
1238  10.029582052843095
1239  9.77503421397842
1240  9.471069389048791
1241  9.124683175256068
1242  8.743683091492251
1243  8.33641134469302
1244  7.911460951553038
1245  7.477399402228907
1246  7.0425127034852135
1247  6.614579578872079
1248  6.200680926621182
1249  5.807043188277158
1250  5.438907935610504
1251  5.100418801240376
1252  4.794526008197518
1253  4.522927417807476
1254  4.286081613400779
1255  4.083325889490748
1256  3.9131045360873093
1257  3.7732746233522994
1258  3.6614310777992665
1259  3.5751941394116216
1260  3.5124249913060583
1261  3.471363302278762
1262  3.4507001859797035
1263  3.449607518973163
1264  3.4677426210225857
1265  3.5052407814617155
1266  3.5627004269639952
1267  3.6411584082738693
1268  3.7420465129760996
1269  3.867115609110842
1270  4.018312377989762
1271  4.1975977809191365
1272  4.4067080950722906
1273  4.646877500877652
1274  4.9185599705423835
1275  5.221197407310568
1276  5.553073472160904
1277  5.911268252986383
1278  6.291701609296766
1279  6.6892367050405825
1280  7.097817315520268
1281  7.510625328642796
1282  7.920257306553572
1283  8.318923484524
1284  8.698670544740176
1285  9.05162449869291
1286  9.370245476504826
1287  9.647583266587475
1288  9.877521091632078
1289  10.0549951142281
1290  10.176178071447367
1291  10.238617386523428
1292  10.241320519395671
1293  10.18478318026533
1294  10.070959385500412
1295  9.903175447321372
1296  9.68599308782834
1297  9.425029582063253
1298  9.126745000207814
1299  8.798208064381903
1300  8.446852888489955
1301  8.08023878467708
1302  7.705824332005521
1303  7.330765206199637
1304  6.961742493968841
1305  6.604824800197854
1306  6.265363602777613
1307  5.947918136948587
1308  5.6562057438246915
1309  5.393077135603992
1310  5.160522633683157
1311  4.959720279501466
1312  4.791134952611511
1313  4.654667435368525
1314  4.549838349884137
1315  4.475981402388782
1316  4.432418197346704
1317  4.418592419053447
1318  4.434150134777503
1319  4.478960937125384
1320  4.553080182891001
1321  4.656656296535265
1322  4.789791469236128
1323  4.952369758130141
1324  5.143873276059973
1325  5.363211627316819
1326  5.608588439777155
1327  5.877421162352498
1328  6.166318520742077
1329  6.471109809338159
1330  6.786915621031656
1331  7.108250833761689
1332  7.429154708348855
1333  7.743345697306685
1334  8.044398721879341
1335  8.325940704790728
1336  8.58185741831992
1337  8.806502465169322
1338  8.994897866410039
1339  9.142915491706756
1340  9.247429187819732
1341  9.306429109798701
1342  9.319091810118168
1343  9.285802343715789
1344  9.208127604642248
1345  9.08874293325136
1346  8.931316840893478
1347  8.740361042385675
1348  8.521054779694168
1349  8.279053539000257
1350  8.020292644006586
1351  7.750795834810571
1352  7.476497821381527
1353  7.203088025524748
1354  6.93588046388254
1355  6.679712160987911
1356  6.438870300100654
1357  6.2170467055310885
1358  6.0173180625706815
1359  5.842151057985127
1360  5.693432528111815
1361  5.5725240647560526
1362  5.480338006321614
1363  5.417427317670242
1364  5.384077695474158
1365  5.380388034980007
1366  5.406326197227363
1367  5.461750619775812
1368  5.546393721041956
1369  5.6598091982635745
1370  5.801291143604733
1371  5.969777564414515
1372  6.163752988388178
1373  6.381164095043955
1374  6.619358866024523
1375  6.8750547630392855
1376  7.144337395445294
1377  7.422688949577102
1378  7.705045469614687
1379  7.98588272869492
1380  8.259330517743932
1381  8.519314251871828
1382  8.759720816735054
1383  8.974583304292626
1384  9.158277112104738
1385  9.305718212481539
1386  9.412553416298284
1387  9.47533221394286
1388  9.491650338725579
1389  9.460256445898871
1390  9.381115175820485
1391  9.25542235561652
1392  9.085570810869903
1393  8.87506827824027
1394  8.628411658496992
1395  8.35092454271821
1396  8.048566999862867
1397  7.727728102134632
1398  7.3950123434184345
1399  7.05703085006627
1400  6.720207146238562
1401  6.3906048861055895
1402  6.073781807724345
1403  5.774670996185753
1404  5.497488272678962
1405  5.245665523987845
1406  5.021813961489196
1407  4.827726756398052
1408  4.664432284943428
1409  4.532303584624857
1410  4.431217301278328
1411  4.360742284696572
1412  4.320330684964692
1413  4.309485345337293
1414  4.327884526460736
1415  4.375453422299077
1416  4.452378329253509
1417  4.559062766578131
1418  4.6960275383446035
1419  4.863760742803764
1420  5.0625304948962455
1421  5.292181505118137
1422  5.551942791198005
1423  5.840273304962627
1424  6.154763503226916
1425  6.492097127097507
1426  6.848065248534914
1427  7.217620092241813
1428  7.594958854022819
1429  7.973634078325035
1430  8.346691244117412
1431  8.706834909835761
1432  9.046622191037928
1433  9.358678911337222
1434  9.635930631134062
1435  9.871838476070028
1436  10.060628471423609
1437  10.19750274402915
1438  10.278821470352081
1439  10.302245705139708
1440  10.266833146637364
1441  10.17308135720447
1442  10.022915748321312
1443  9.819622720670708
1444  9.567731267240157
1445  9.272849296706733
1446  8.941463242879244
1447  8.580711442825006
1448  8.198143053060326
1449  7.801474541112712
1450  7.398355447040731
1451  6.996153576467827
1452  6.601767101078617
1453  6.221467230719899
1454  5.860770358205293
1455  5.5243351266496195
1456  5.21588038900119
1457  4.938126932343864
1458  4.692777079441543
1459  4.480553793395581
1460  4.301316104370845
1461  4.154249280186233
1462  4.038105591930032
1463  3.951457138924437
1464  3.8929236273695746
1465  3.861350763462389
1466  3.8559310017396795
1467  3.8762696000138708
1468  3.9224027907086514
1469  3.9947728738836212
1470  4.09416059995439
1471  4.2215719270589265
1472  4.3780770455464415
1473  4.564606031746605
1474  4.781716872963027
1475  5.02936342612957
1476  5.30669739182883
1477  5.61193336720297
1478  5.942290775323475
1479  6.294007708024191
1480  6.662409294390614
1481  7.0420121664400295
1482  7.426653491326388
1483  7.80964125909623
1484  8.183926388293774
1485  8.542296449677165
1486  8.877587577279819
1487  9.182907651817777
1488  9.451861412410823
1489  9.678766766253364
1490  9.858851403449536
1491  9.988419682006326
1492  10.06498103199489
1493  10.087333310225738
1494  10.055597019178887
1495  9.971198965430178
1496  9.836806758565608
1497  9.656218260612516
1498  9.434212346403909
1499  9.176369387268313
1500  8.888871124057514
1501  8.5782903631614
1502  8.251380904542252
1503  7.914877517554505
1504  7.575314368143782
1505  7.238868324806179
1506  6.91123105607035
1507  6.597511017671428
1508  6.302163968601047
1509  6.028949408843363
1510  5.7809111702802545
1511  5.560383025482767
1512  5.369022968124094
1513  5.207879842154027
1514  5.0774918600255114
1515  4.978009384061979
1516  4.90932689731692
1517  4.871205579320007
1518  4.8633685235734605
1519  4.885555372515952
1520  4.9375293949637875
1521  5.0190365279470734
1522  5.1297222137938165
1523  5.269017580531064
1524  5.436011357695148
1525  5.629326284916162
1526  5.847017667522647
1527  6.0865067484866415
1528  6.344554421691165
1529  6.6172744390742695
1530  6.90018164738256
1531  7.188270621122265
1532  7.476121293790285
1533  7.758029273030476
1534  8.0281582048702
1535  8.280710019982845
1536  8.510106882770051
1537  8.711176845560502
1538  8.879333990235729
1539  9.01074355128775
1540  9.10246289873939
1541  9.152550410953106
1542  9.160136046062977
1543  9.125449712976886
1544  9.04980595223732
1545  8.935546149975156
1546  8.785941959614858
1547  8.605065829004468
1548  8.397636265188263
1549  8.16884671953357
1550  7.924187431528514
1551  7.669269435163137
1552  7.409659144032245
1553  7.150730396501253
1554  6.897538992107922
1555  6.654722551389586
1556  6.426426519452804
1557  6.2162556984863295
1558  6.0272503642383874
1559  5.861886154419446
1560  5.722097510292686
1561  5.609323701833943
1562  5.524574164643041
1563  5.46850634653428
1564  5.441505785981509
1565  5.4437561803291805
1566  5.475287913858905
1567  5.535996545529116
1568  5.625627523722609
1569  5.743728918310838
1570  5.889579235235054
1571  6.062101417791795
1572  6.259776036146622
1573  6.480565894249271
1574  6.72186132637063
1575  6.980451162571774
1576  7.252520968542501
1577  7.5336783645015
1578  7.8190050017755794
1579  8.103135134468674
1580  8.380360902808505
1581  8.644763318512071
1582  8.890366392353732
1583  9.111309651147787
1584  9.30203240853363
1585  9.457461581766012
1586  9.57319379655338
1587  9.645662312951622
1588  9.672279575112407
1589  9.651547174418923
1590  9.583126618063226
1591  9.467866362888643
1592  9.30778298607347
1593  9.10599698801074
1594  8.866626298614728
1595  8.59464309236416
1596  8.295701472498063
1597  7.9759452391430665
1598  7.641805813642034
1599  7.299800599147847
1600  6.956341304260967
1601  6.617560110166696
1602  6.289159169864055
1603  5.976285706880868
1604  5.683432503420148
1605  5.414362810590003
1606  5.172061169382286
1607  4.9587163902420395
1608  4.775746855020224
1609  4.623876861256193
1610  4.503264330005825
1611  4.413667581439356
1612  4.354628671468486
1613  4.325647227367409
1614  4.326322482818027
1615  4.356448836595899
1616  4.416057580752065
1617  4.50540243546173
1618  4.624889729841931
1619  4.774957387312505
1620  4.955912221705985
1621  5.1677422631898065
1622  5.409927663251494
1623  5.681276281992828
1624  5.979805331476005
1625  6.302679328232942
1626  6.6462020942171955
1627  7.005852585779889
1628  7.37635364954425
1629  7.751767228973145
1630  8.125614613629624
1631  8.491022416241853
1632  8.840894087103196
1633  9.168104011165356
1634  9.465708178288
1635  9.727163027218843
1636  9.946542611009606
1637  10.118743498183148
1638  10.239667087757166
1639  10.306369891518859
1640  10.317173763318092
1641  10.271730218793545
1642  10.171035299364455
1643  10.017394090355449
1644  9.81433677108293
1645  9.566490560748836
1646  9.279414355513701
1647  8.95940463888542
1648  8.61328263724934
1649  8.248173372709177
1650  7.871287285115099
1651  7.489714307821207
1652  7.110238638856476
1653  6.739180050554395
1654  6.382264303546037
1655  6.044521834259657
1656  5.730211600672703
1657  5.442767849579954
1658  5.184772157155563
1659  4.957959758444991
1660  4.7632724222135225
1661  4.600965856652291
1662  4.470767520924705
1663  4.372066630448559
1664  4.304109257463954
1665  4.266171519899672
1666  4.257690972878371
1667  4.278345370949451
1668  4.328075358363694
1669  4.407051675563382
1670  4.515589672093212
1671  4.654016861052913
1672  4.822504322138806
1673  5.020879713922013
1674  5.248445722025546
1675  5.5038291205181125
1676  5.784879944779634
1677  6.088628964748285
1678  6.411299692651584
1679  6.748364182212887
1680  7.094631457518821
1681  7.444361419060404
1682  7.791401334432979
1683  8.129343564415098
1684  8.45170229793707
1685  8.752104620170998
1686  9.024488864470992
1687  9.263301433601145
1688  9.46368257830248
1689  9.621631699514115
1690  9.734143609455177
1691  9.799308704538943
1692  9.816372005868484
1693  9.78574831681245
1694  9.70899320932426
1695  9.588732003324871
1696  9.428551173711877
1697  9.232858523685861
1698  9.006720027230768
1699  8.75568204413184
1700  8.485588098667602
1701  8.202399028107344
1702  7.912024573490108
1703  7.620173004624169
1704  7.332223699503549
1705  7.053125366681959
1706  6.787320594517201
1707  6.538695823082102
1708  6.310554808499563
1709  6.105614078885799
1710  5.926019460242051
1711  5.773383417127418
1712  5.648841753890502
1713  5.553125677232363
1714  5.486641541820596
1715  5.449547629553741
1716  5.4418163800039165
1717  5.463272121758679
1718  5.513598014655421
1719  5.592311002654369
1720  5.698708870187626
1721  5.831798091564301
1722  5.990214121646677
1723  6.172146725255127
1724  6.3752811379176455
1725  6.596762603025365
1726  6.833187921667738
1727  7.0806247868835595
1728  7.3346581697307585
1729  7.5904626344434485
1730  7.842899445982718
1731  8.086636846236516
1732  8.316290575902238
1733  8.526580110978106
1734  8.712494403112421
1735  8.869459546092482
1736  8.993499909545744
1737  9.081384191546864
1738  9.130748149092268
1739  9.140187042965987
1740  9.109312245701538
1741  9.038768688898985
1742  8.930211967127246
1743  8.786246384397211
1744  8.610327514093651
1745  8.406634868240522
1746  8.179921905991232
1747  7.935351723270869
1748  7.67832722451917
1749  7.414324357027872
1750  7.1487362263866325
1751  6.886734384471765
1752  6.633151747011954
1753  6.392389544802618
1754  6.168349025483868
1755  5.9643877121119155
1756  5.783300076040065
1757  5.627323045612913
1758  5.498166890128297
1759  5.397070406502849
1760  5.3248759382089
1761  5.282115435945842
1762  5.269095447901822
1763  5.285967534221634
1764  5.332772531632566
1765  5.409450702853654
1766  5.515815348360323
1767  5.651493085108705
1768  5.8158393502394965
1769  6.007841782264054
1770  6.226025484821051
1771  6.4683730526352
1772  6.732268239969681
1773  7.014467408485458
1774  7.311099218684332
1775  7.617691222246177
1776  7.9292223948448735
1777  8.240201468971293
1778  8.544771207328736
1779  8.836838029706676
1780  9.110224622900926
1781  9.358841199415744
1782  9.576869039679302
1783  9.758948506366629
1784  9.900362717996215
1785  9.9972077066825
1786  10.046540165795397
1787  10.046494729847733
1788  9.99636415681096
1789  9.896637614247396
1790  9.748994513065059
1791  9.556253722386193
1792  9.32228047144383
1793  9.051855523989476
1794  8.750513379524579
1795  8.424357749073243
1796  8.079863711743764
1797  7.723676432473527
1798  7.362415948972238
1799  7.002496492177404
1800  6.649966869032145
1801  6.310375712751338
1802  5.988662428495455
1803  5.689072511999941
1804  5.415096282123171
1805  5.169433284843759
1806  4.953989959969487
1807  4.769920954038498
1808  4.617721305450641
1809  4.497366682307288
1810  4.40848638872147
1811  4.350545236882029
1812  4.323008810044951
1813  4.3254720088016425
1814  4.35773856487237
1815  4.419846076481205
1816  4.512035625085129
1817  4.634668109735715
1818  4.78809319442428
1819  4.972482351375213
1820  5.187644470278154
1821  5.432848118801597
1822  5.706674795697141
1823  6.006921147248593
1824  6.330556629809309
1825  6.673731817854594
1826  7.031826825423915
1827  7.399529900815857
1828  7.770940813297076
1829  8.139697625373156
1830  8.49912685918671
1831  8.842415568948354
1832  9.16280136145092
1833  9.453773792478623
1834  9.709278689568851
1835  9.923915979508484
1836  10.093121395940159
1837  10.213322939930361
1838  10.282064134592135
1839  10.298087862796876
1840  10.261376485260287
1841  10.173146421642087
1842  10.03579769352516
1843  9.852821367948614
1844  9.628669997061378
1845  9.368597995006265
1846  9.078480251528616
1847  8.764618224583517
1848  8.433542912925455
1849  8.091823845018023
1850  7.745892218227135
1851  7.4018848438676415
1852  7.065513390576861
1853  6.741960997766156
1854  6.435806012315777
1855  6.150970902870637
1856  5.890694503676084
1857  5.657527660298275
1858  5.453354818800901
1859  5.279445300141789
1860  5.136535556374006
1861  5.0249378146172425
1862  4.944663487970469
1863  4.895544609291467
1864  4.877335676099083
1865  4.889781263730655
1866  4.932640290285005
1867  5.005664115422043
1868  5.108531720514896
1869  5.240751254993541
1870  5.4015419439266985
1871  5.589713815656087
1872  5.803562582381448
1873  6.040793647518263
1874  6.298482886326989
1875  6.573075340532548
1876  6.860418620231805
1877  7.155826373009548
1878  7.454168061820482
1879  7.74998249448
1880  8.037612779861394
1881  8.311359482456265
1882  8.565647016960133
1883  8.795196658126603
1884  8.995198224908657
1885  9.161471921818617
1886  9.290611881974227
1887  9.38010381636542
1888  9.42841044445142
1889  9.435020163148016
1890  9.400456646286784
1891  9.326249152234963
1892  9.214865672867116
1893  9.069613079504585
1894  8.89451015773946
1895  8.694140728854348
1896  8.473494867685908
1897  8.237806432255852
1898  7.992394730056322
1899  7.742517414625893
1900  7.493240236495237
1901  7.2493276864473755
1902  7.015156748092253
1903  6.794654310661053
1904  6.5912574525510905
1905  6.407895200720639
1906  6.246990093324617
1907  6.11047796429253
1908  5.999843748212838
1909  5.916169838747956
1910  5.8601914209080315
1911  5.832351412630768
1912  5.832846561655252
1913  5.86165699308043
1914  5.918553855321702
1915  6.003083317492824
1916  6.114529253154828
1917  6.251860571624035
1918  6.413671733436486
1919  6.598125576925893
1920  6.802906797907926
1921  7.025192151839275
1922  7.2616411627550566
1923  7.508409187955204
1924  7.761183739183627
1925  8.015244547172927
1926  8.26554739632755
1927  8.506831081170242
1928  8.733745371405032
1929  8.940996407469468
1930  9.123504281925392
1931  9.276566073239858
1932  9.396016696545738
1933  9.478379417291407
1934  9.520998003822
1935  9.522143089866345
1936  9.481086557798005
1937  9.398139410607104
1938  9.27465054533016
1939  9.112966094957844
1940  8.916351203249585
1941  8.688878358135941
1942  8.43528815662583
1943  8.160829994685184
1944  7.871091027942443
1945  7.571822189117172
1946  7.268769680746728
1947  6.967519370748925
1948  6.673359893389881
1949  6.391168217702928
1950  6.1253192915297765
1951  5.879620039993871
1952  5.657267826226327
1953  5.4608348244177645
1954  5.292281246400424
1955  5.153000249083276
1956  5.043894491979494
1957  4.965478387369783
1958  4.917993840916584
1959  4.901523071984983
1960  4.916081522426255
1961  4.961676758404867
1962  5.03832451917054
1963  5.146018807574136
1964  5.284659332281541
1965  5.453945493426399
1966  5.653251417285924
1967  5.881499769542089
1968  6.137051718837488
1969  6.417626058422761
1970  6.7202539106701344
1971  7.041268724372145
1972  7.376327813094124
1973  7.720461528099105
1974  8.06814802366983
1975  8.4134132816689
1976  8.749956341487282
1977  9.071298470239258
1978  9.370952807233595
1979  9.642608963507598
1980  9.880325186598485
1981  10.078719602803158
1982  10.23315142603635
1983  10.339883224521941
1984  10.396215876725076
1985  10.400589183172546
1986  10.352642729514457
1987  10.253233607417947
1988  10.104409877301194
1989  9.90934100513197
1990  9.67220875619858
1991  9.398064061159282
1992  9.092657196955626
1993  8.762249747864947
1994  8.413417620457507
1995  8.052854528719724
1996  7.687184740448175
1997  7.3227928022725415
1998  6.965675952630657
1999  6.621322540784725
