3.129277
3.129277
3.129277
3.1050733
3.1050733
3.033247
3.033247
2.9158325
2.9158325
2.7558246
2.7558246
2.5572498
2.5572498
2.3252473
2.3252473
2.0661463
2.0661463
1.7875373
1.7875373
1.498322
1.498322
1.2086693
1.2086693
0.92972122
0.92972122
0.67290037
0.67290037
0.44883002
0.44883002
0.26611773
0.26611773
0.13034568
0.13034568
0.043487139
0.043487139
0.0037765106
0.0037765106
0.0059614114
0.0059614114
0.041860179
0.041860179
0.10116196
0.10116196
0.17240528
0.17240528
0.24405804
0.24405804
0.30560697
0.30560697
0.34855529
0.34855529
0.36722751
0.36722751
0.35929446
0.35929446
0.32595981
0.32595981
0.27178878
0.27178878
0.20420266
0.20420266
0.13270128
0.13270128
0.06790176
0.06790176
0.020494354
0.020494354
0.00021449652
0.00021449652
0.014919229
0.014919229
0.069839422
0.069839422
0.16705995
0.16705995
0.30526018
0.30526018
0.47972753
0.47972753
0.68263821
0.68263821
0.90358158
0.90358158
1.1302884
1.1302884
1.3495078
1.3495078
1.5479636
1.5479636
1.7133141
1.7133141
1.8350399
1.8350399
1.9051978
1.9051978
1.918995
1.918995
1.8751546
1.8751546
1.7760485
1.7760485
1.6275827
1.6275827
1.4388325
1.4388325
1.2214423
1.2214423
0.98883224
0.98883224
0.75527216
0.75527216
0.53489647
0.53489647
0.3407333
0.3407333
0.18381663
0.18381663
0.072442414
0.011619438
0.0027523229
0.043577879
0.12835886
0.24832156
0.3923073
0.54759393
0.70083153
0.83902923
0.95052515
1.0258713
1.058569
1.045599
0.98770197
0.88938461
0.75864551
0.60643784
0.44590741
0.29146219
0.29146219
0.15774207
0.15774207
0.058564142
0.058564142
0.005918539
0.005918539
0.009084386
0.009084386
0.073924114
0.073924114
0.20239976
0.20239976
0.39233966
0.39233966
0.63749256
0.63749256
0.92804512
0.92804512
1.252194
1.252194
1.599569
1.599569
1.9656245
1.9656245
2.352664
2.352664
2.7651139
2.7651139
2.0545978
2.0545978
2.0545978
1.6418015
1.6418015
1.2720253
1.2720253
0.94211377
0.94211377
0.65281087
0.65281087
0.40947665
0.40947665
0.21913326
0.21913326
0.087157204
0.087157204
0.015422627
0.015422627
0.0017625441
0.0017625441
0.040140648
0.040140648
0.12118298
0.12118298
0.23294452
0.23294452
0.36184963
0.36184963
0.49374526
0.49374526
0.61499554
0.61499554
0.71353881
0.71353881
0.77982584
0.77982584
0.80756321
0.80756321
0.79419828
0.79419828
0.74110359
0.74110359
0.65344517
0.65344517
0.53974789
0.53974789
0.41119836
0.41119836
0.28074624
0.28074624
0.16207849
0.16207849
0.068546586
0.068546586
0.012125163
0.012125163
0.0024746131
0.0024746131
0.046169843
0.046169843
0.14614483
0.14614483
0.30138915
0.30138915
0.5069242
0.5069242
0.75410306
0.75410306
1.0313385
1.0313385
1.3254077
1.3254077
1.6233087
1.6233087
1.9142021
1.9142021
2.1906839
2.1906839
2.4489632
2.4489632
2.688199
2.688199
2.9096146
2.9096146
3.1158437
3.1158437
3.3106106
3.3106106
2.908716
2.908716
2.908716
2.685896
2.685896
2.4555635
2.4555635
2.2163288
2.2163288
1.9680451
1.9680451
1.7119564
1.7119564
1.4509945
1.4509945
1.1900844
1.1900844
0.93620095
0.93620095
0.69791878
0.69791878
0.4844002
0.4844002
0.30407299
0.30407299
0.16341021
0.16341021
0.066108405
0.066108405
0.012722874
0.012722874
0.0006764921
0.0006764921
0.024548752
0.024548752
0.076583437
0.076583437
0.14736865
0.14736865
0.22663995
0.22663995
0.30414833
0.30414833
0.37052676
0.37052676
0.41808491
0.41808491
0.4414636
0.4414636
0.43808963
0.43808963
0.40838819
0.40838819
0.35573295
0.35573295
0.28613938
0.28613938
0.20773173
0.20773173
0.1300345
0.1300345
0.063152025
0.063152025
0.016906193
0.016906193
7.4567158e-07
7.4567158e-07
0.01927511
0.01927511
0.079100733
0.079100733
0.18096136
0.18096136
0.32324636
0.32324636
0.50127619
0.50127619
0.70757556
0.70757556
0.93241089
0.93241089
1.1645914
1.1645914
1.3924653
1.3924653
1.6049393
1.6049393
1.7922978
1.7922978
1.946675
1.946675
2.0621858
2.0621858
2.1348334
2.1348334
2.1623354
2.1623354
2.1439696
2.1439696
2.0804892
2.0804892
1.9741237
1.9741237
1.8286521
1.8286521
1.6495146
1.6495146
1.4438963
1.4438963
1.2206885
1.2206885
0.9902157
0.9902157
0.76365767
0.76365767
0.552198
0.552198
0.36604934
0.36604934
0.21355377
0.21355377
0.10050282
0.10050282
0.029728933
0.029728933
0.00096190871
0.00096190871
0.010928789
0.010928789
0.053675665
0.053675665
0.12108576
0.12108576
0.20355838
0.20355838
0.29080208
0.29080208
0.37268565
0.37268565
0.44008288
0.44008288
0.48564414
0.48564414
0.50442968
0.50442968
0.49434797
0.49434797
0.45635802
0.45635802
0.39441498
0.39441498
0.31516287
0.31516287
0.22740124
0.22740124
0.14137281
0.14137281
0.067932656
0.067932656
0.017666158
0.017666158
2.3427607e-05
2.3427607e-05
0.022532684
0.022532684
0.090146659
0.090146659
0.20476653
0.20476653
0.36498542
0.36498542
0.56612066
0.56612066
0.80068667
0.80068667
1.0595278
1.0595278
1.3336393
1.3336393
1.6161317
1.6161317
1.903323
1.903323
2.1943246
2.1943246
2.4896247
2.4896247
2.7899404
2.7899404
2.5678163
2.5678163
2.5678163
2.3488074
2.3488074
2.1329391
2.1329391
1.9163185
1.9163185
1.6955682
1.6955682
1.4688938
1.4688938
1.2372061
1.2372061
1.0046606
1.0046606
0.77831846
0.77831846
0.56703013
0.56703013
0.37994696
0.37994696
0.22514844
0.22514844
0.10867178
0.10867178
0.033966305
0.033966305
0.0016717921
0.0016717921
0.0096349089
0.0096349089
0.053121655
0.053121655
0.12520101
0.12520101
0.21727265
0.21727265
0.31970359
0.31970359
0.42253119
0.42253119
0.51618545
0.51618545
0.59218159
0.59218159
0.64373572
0.64373572
0.66626097
0.66626097
0.65770926
0.65770926
0.61873412
0.61873412
0.55266217
0.55266217
0.46527407
0.46527407
0.36440925
0.36440925
0.25942131
0.25942131
0.16052132
0.16052132
0.078054199
0.078054199
0.021757342
0.021757342
5.1425003e-05
5.1425003e-05
0.019409812
0.019409812
0.083846593
0.083846593
0.19455495
0.19455495
0.34972579
0.34972579
0.54461509
0.54461509
0.77207414
0.77207414
1.0239654
1.0239654
1.2936868
1.2936868
1.5788047
1.5788047
1.881297
1.881297
2.2042275
2.2042275
2.0743308
2.0743308
2.0743308
1.7428108
1.7428108
1.4427751
1.4427751
1.1712799
1.1712799
0.9244611
0.9244611
0.70045419
0.70045419
0.50088447
0.50088447
0.32989544
0.32989544
0.19212547
0.19212547
0.09099272
0.09099272
0.027761236
0.027761236
0.0012612309
0.0012612309
0.0079978293
0.0079978293
0.042475857
0.042475857
0.097662506
0.097662506
0.16554547
0.16554547
0.23774844
0.23774844
0.30616269
0.30616269
0.36355131
0.36355131
0.40408361
0.40408361
0.42376111
0.42376111
0.42070415
0.42070415
0.3952784
0.3952784
0.35005236
0.35005236
0.28959006
0.28959006
0.2200952
0.2200952
0.14893414
0.14893414
0.084072798
0.084072798
0.03346844
0.03346844
0.0044591923
0.0044591923
0.0031933712
0.0031933712
0.034137337
0.034137337
0.099694783
0.099694783
0.19996345
0.19996345
0.33264967
0.33264967
0.49316342
0.49316342
0.67493376
0.67493376
0.8700047
0.8700047
1.0699389
1.0699389
1.2669168
1.2669168
1.4547356
1.4547356
1.6293742
1.6293742
1.788983
1.788983
1.9334373
1.9334373
2.0637372
2.0637372
2.18148
2.18148
2.2884992
2.2884992
2.3866582
2.3866582
2.4777561
2.4777561
2.5635035
2.5635035
2.4641026
2.4641026
2.4641026
2.3177178
2.3177178
2.1726927
2.1726927
2.0291965
2.0291965
1.8874662
1.8874662
1.7476792
1.7476792
1.6098726
1.6098726
1.4739173
1.4739173
1.339551
1.339551
1.2064738
1.2064738
1.0745006
1.0745006
0.94375239
0.94375239
0.81484737
0.81484737
0.68903059
0.68903059
0.5681778
0.5681778
0.45463453
0.45463453
0.35090889
0.35090889
0.25929518
0.25929518
0.18152909
0.18152909
0.1185525
0.1185525
0.07041636
0.07041636
0.036308319
0.036308319
0.014673142
0.014673142
0.0033940536
0.0033940536
8.570622e-06
8.570622e-06
0.0019372393
0.0019372393
0.0067062872
0.0067062872
0.012147182
0.012147182
0.016558494
0.016558494
0.018818769
0.018818769
0.018443315
0.018443315
0.015582539
0.015582539
0.010964316
0.010964316
0.0057873712
0.0057873712
0.0015763787
0.0015763787
1.2145076e-05
1.2145076e-05
0.0027516812
0.0027516812
0.011253165
0.011253165
0.02661983
0.02661983
0.049474845
0.049474845
0.079876534
0.079876534
0.11727995
0.11727995
0.1605473
0.1605473
0.20800592
0.20800592
0.25754931
0.25754931
0.30677324
0.30677324
0.35313687
0.35313687
0.39413683
0.39413683
0.42748136
0.42748136
0.45125173
0.45125173
0.46403917
0.46403917
0.46504702
0.46504702
0.45415086
0.45415086
0.43191192
0.43191192
0.39954275
0.39954275
0.3588275
0.3588275
0.31200247
0.31200247
0.26160533
0.26160533
0.21030379
0.21030379
0.16071608
0.16071608
0.11523588
0.11523588
0.075874525
0.075874525
0.044131697
0.044131697
0.020904091
0.020904091
0.0064388705
0.0064388705
0.00033554984
0.00033554984
0.0015965793
0.0015965793
0.0087234656
0.0087234656
0.019851947
0.019851947
0.032916831
0.032916831
0.045834759
0.045834759
0.056691527
0.056691527
0.063919892
0.063919892
0.066454005
0.066454005
0.063847933
0.063847933
0.056347991
0.056347991
0.044911809
0.044911809
0.031170911
0.031170911
0.017337866
0.017337866
0.006063322
0.006063322
0.00025215337
0.00025215337
0.0028511449
0.0028511449
0.0166228
0.0166228
0.043920889
0.043920889
0.086483207
0.086483207
0.1452561
0.1452561
0.2202645
0.2202645
0.31054296
0.31054296
0.41415047
0.41415047
0.52830491
0.52830491
0.64967884
0.64967884
0.7748702
0.7748702
0.90098272
0.90098272
1.0261575
1.0261575
1.1498679
1.1498679
1.2728725
1.2728725
1.3968649
1.3968649
1.5239652
1.5239652
1.6562109
1.6562109
1.7951538
1.7951538
1.9416244
1.9416244
2.0956981
2.0956981
2.2568738
2.2568738
1.9824111
1.9824111
1.9824111
1.8762774
1.8762774
1.7768824
1.7768824
1.6827398
1.6827398
1.5917826
1.5917826
1.501489
1.501489
1.4091256
1.4091256
1.3120704
1.3120704
1.2081795
1.2081795
1.0961679
1.0961679
0.97594876
0.97594876
0.84884911
0.84884911
0.71761685
0.71761685
0.58617243
0.58617243
0.45914256
0.45914256
0.34128818
0.34128818
0.23696019
0.23696019
0.14967463
0.14967463
0.081834617
0.081834617
0.034585382
0.034585382
0.0077790579
0.0077790579
3.2239782e-05
3.2239782e-05
0.0088643805
0.0088643805
0.030905324
0.030905324
0.062157537
0.062157537
0.098295342
0.098295342
0.13498097
0.13498097
0.16817612
0.16817612
0.194428
0.194428
0.21111065
0.21111065
0.21660535
0.21660535
0.21040834
0.21040834
0.19315871
0.19315871
0.16658525
0.16658525
0.13337591
0.13337591
0.096979299
0.096979299
0.061351771
0.061351771
0.030667342
0.030667342
0.0090103025
0.0090103025
7.1296272e-05
7.1296272e-05
0.0068675017
0.0068675017
0.031505898
0.031505898
0.075005686
0.075005686
0.137192
0.137192
0.21666834
0.21666834
0.31087043
0.31087043
0.41619949
0.41619949
0.52823036
0.52823036
0.64198721
0.64198721
0.75227616
0.75227616
0.85405445
0.85405445
0.94279902
0.94279902
1.014823
1.014823
1.0674886
1.0674886
1.0992866
1.0992866
1.1097897
1.1097897
1.0995138
1.0995138
1.069739
1.069739
1.0223316
1.0223316
0.95959561
0.95959561
0.88416372
0.88416372
0.79892232
0.79892232
0.70695375
0.70695375
0.61147322
0.61147322
0.51573777
0.51573777
0.42291421
0.42291421
0.33591039
0.33591039
0.25719204
0.25719204
0.18861868
0.18861868
0.13132958
0.13132958
0.085698945
0.085698945
0.051363914
0.051363914
0.027317534
0.027317534
0.012052088
0.012052088
0.0037357875
0.0037357875
0.00040525946
0.00040525946
0.00015665972
0.00015665972
0.001319426
0.001319426
0.0025986934
0.0025986934
0.0031753967
0.0031753967
0.0027569128
0.0027569128
0.0015754773
0.0015754773
0.00033615612
0.00033615612
0.00012042427
0.00012042427
0.0022550108
0.0022550108
0.0081583082
0.0081583082
0.019178132
0.019178132
0.036434901
0.036434901
0.060683462
0.060683462
0.092204924
0.092204924
0.13073724
0.13073724
0.17545009
0.17545009
0.2249661
0.2249661
0.27742694
0.27742694
0.33059937
0.33059937
0.38201343
0.38201343
0.42912255
0.42912255
0.46947384
0.46947384
0.50087589
0.50087589
0.52155188
0.52155188
0.5302666
0.5302666
0.52641814
0.52641814
0.51008719
0.51008719
0.48204028
0.48204028
0.44368632
0.44368632
0.39698923
0.39698923
0.3443426
0.3443426
0.28841517
0.28841517
0.23197782
0.23197782
0.17772437
0.17772437
0.12809868
0.12809868
0.085140236
0.085140236
0.05035918
0.05035918
0.024649515
0.024649515
0.0082467312
0.0082467312
0.00073296847
0.00073296847
0.0010895241
0.0010895241
0.0077932378
0.0077932378
0.018950179
0.018950179
0.032457377
0.032457377
0.046181231
0.046181231
0.058139853
0.058139853
0.066676052
0.066676052
0.070608045
0.070608045
0.069346241
0.069346241
0.062966636
0.062966636
0.052234259
0.052234259
0.038573655
0.038573655
0.023987199
0.023987199
0.010925916
0.010925916
0.0021210586
0.0021210586
0.00038763863
0.00038763863
0.0084132179
0.0084132179
0.028546368
0.028546368
0.062599224
0.062599224
0.11167769
0.11167769
0.17605153
0.17605153
0.25507608
0.25507608
0.34717948
0.34717948
0.44993624
0.44993624
0.56025532
0.56025532
0.67470494
0.67470494
0.78995873
0.78995873
0.90328144
0.90328144
1.012919
1.012919
1.1182704
1.1182704
1.2198021
1.2198021
1.3187705
1.3187705
1.4168654
1.4168654
1.5158758
1.5158758
1.6174269
1.6174269
1.7228006
1.7228006
1.8328312
1.8328312
1.9478724
1.9478724
2.0678366
2.0678366
2.1923037
2.1923037
2.064264
2.064264
2.064264
1.983833
1.983833
1.9078518
1.9078518
1.8354776
1.8354776
1.7655373
1.7655373
1.6965209
1.6965209
1.626629
1.626629
1.5538628
1.5538628
1.4761496
1.4761496
1.3915076
1.3915076
1.2982532
1.2982532
1.195254
1.195254
1.0822107
1.0822107
0.95992138
0.95992138
0.83044982
0.83044982
0.69711403
0.69711403
0.56424478
0.56424478
0.43673957
0.43673957
0.31951107
0.31951107
0.21695541
0.21695541
0.13253301
0.13253301
0.068495369
0.068495369
0.025749864
0.025749864
0.0038412364
0.0038412364
0.0010320217
0.0010320217
0.014468057
0.014468057
0.040415261
0.040415261
0.074551221
0.074551221
0.11229197
0.11229197
0.14913211
0.14913211
0.18097536
0.18097536
0.20443343
0.20443343
0.21707278
0.21707278
0.21759278
0.21759278
0.20592277
0.20592277
0.18323155
0.18323155
0.15184822
0.15184822
0.11509965
0.11509965
0.077075261
0.077075261
0.042334862
0.042334862
0.015579149
0.015579149
0.0013048542
0.0013048542
0.0034676222
0.0034676222
0.025174992
0.025174992
0.068429832
0.068429832
0.13394137
0.13394137
0.22101779
0.22101779
0.32755364
0.32755364
0.45013122
0.45013122
0.58426824
0.58426824
0.72485001
0.72485001
0.86674952
0.86674952
1.0055463
1.0055463
1.1381525
1.1381525
1.2631386
1.2631386
1.3806668
1.3806668
1.4921058
1.4921058
1.5995038
1.5995038
1.7050838
1.7050838
1.8108516
1.8108516
1.9183416
1.9183416
2.0285039
2.0285039
2.1417277
2.1417277
2.0441902
2.0441902
2.0441902
1.913952
1.913952
1.7910009
1.7910009
1.67523
1.67523
1.5661282
1.5661282
1.4627308
1.4627308
1.3636766
1.3636766
1.2673408
1.2673408
1.1720114
1.1720114
1.076093
1.076093
0.97832419
0.97832419
0.87799495
0.87799495
0.77513488
0.77513488
0.67062505
0.67062505
0.56618461
0.56618461
0.46420599
0.46420599
0.36745883
0.36745883
0.27872747
0.27872747
0.20046443
0.20046443
0.13452346
0.13452346
0.081998101
0.081998101
0.043160549
0.043160549
0.017481922
0.017481922
0.0037150347
0.0037150347
2.4371479e-05
2.4371479e-05
0.0041503676
0.0041503676
0.013595507
0.013595507
0.025819268
0.025819268
0.038428664
0.038428664
0.049351551
0.049351551
0.056981113
0.056981113
0.06028204
0.06028204
0.058851679
0.058851679
0.052932637
0.052932637
0.04337679
0.04337679
0.031564016
0.031564016
0.019282075
0.019282075
0.0085766593
0.0085766593
0.0015825537
0.0015825537
0.00034799034
0.00034799034
0.0066646198
0.0066646198
0.021914993
0.021914993
0.046948167
0.046948167
0.081992074
0.081992074
0.12660876
0.12660876
0.17969569
0.17969569
0.23953328
0.23953328
0.30387561
0.30387561
0.37007856
0.37007856
0.43525706
0.43525706
0.49646074
0.49646074
0.55085615
0.55085615
0.5959022
0.5959022
0.62950589
0.62950589
0.65014682
0.65014682
0.65696188
0.65696188
0.64978545
0.64978545
0.62914459
0.62914459
0.59621208
0.59621208
0.5527223
0.5527223
0.50085619
0.50085619
0.44310232
0.44310232
0.38210197
0.38210197
0.32048756
0.32048756
0.26072469
0.26072469
0.20496918
0.20496918
0.15494964
0.15494964
0.11188475
0.11188475
0.07644108
0.07644108
0.048734429
0.048734429
0.028373392
0.028373392
0.014541079
0.014541079
0.0061076385
0.0061076385
0.0017640067
0.0017640067
0.00016568376
0.00016568376
7.4493674e-05
7.4493674e-05
0.00048643713
0.00048643713
0.00073480714
0.00073480714
0.00055972893
0.00055972893
0.00013804419
0.00013804419
7.0772953e-05
7.0772953e-05
0.0013289623
0.0013289623
0.0051622508
0.0051622508
0.012977624
0.012977624
0.026198341
0.026198341
0.046114686
0.046114686
0.073738927
0.073738927
0.10967665
0.10967665
0.15402554
0.15402554
0.20631081
0.20631081
0.2654638
0.2654638
0.32984727
0.32984727
0.39732659
0.39732659
0.46538211
0.46538211
0.53125328
0.53125328
0.59210177
0.59210177
0.64517977
0.64517977
0.68799069
0.68799069
0.71843295
0.71843295
0.73492144
0.73492144
0.73648353
0.73648353
0.72282729
0.72282729
0.69437821
0.69437821
0.65227902
0.65227902
0.59834719
0.59834719
0.53498642
0.53498642
0.46505391
0.46505391
0.39169089
0.39169089
0.31812957
0.31812957
0.2474929
0.2474929
0.18260329
0.18260329
0.12581485
0.12581485
0.078880339
0.078880339
0.042861047
0.042861047
0.018084778
0.018084778
0.0041540429
0.0041540429
3.4065187e-06
3.4065187e-06
0.004001827
0.004001827
0.01409286
0.01409286
0.027963075
0.027963075
0.043227097
0.043227097
0.057616519
0.057616519
0.06915956
0.06915956
0.076338892
0.076338892
0.078216421
0.078216421
0.074515955
0.074515955
0.065657497
0.065657497
0.052740178
0.052740178
0.037474351
0.037474351
0.022066941
0.022066941
0.0090673804
0.0090673804
0.0011842919
0.0011842919
0.0010851225
0.0010851225
0.011192162
0.011192162
0.033488651
0.033488651
0.06934804
0.06934804
0.11939811
0.11939811
0.18343005
0.18343005
0.26036149
0.26036149
0.34826352
0.34826352
0.44446439
0.44446439
0.54574377
0.54574377
0.64862177
0.64862177
0.74971876
0.74971876
0.8461224
0.8461224
0.93567353
0.93567353
1.0170986
1.0170986
1.0899711
1.0899711
1.1545437
1.1545437
1.2115252
1.2115252
1.2618653
1.2618653
1.3065869
1.3065869
1.3466733
1.3466733
1.3830016
1.3830016
1.4163117
1.4163117
1.447195
1.447195
1.4760968
1.4760968
1.5033241
1.5033241
1.5290567
1.5290567
1.5533586
1.5533586
1.5761901
1.5761901
1.5974185
1.5974185
1.6168291
1.6168291
1.6341349
1.6341349
1.6489866
1.6489866
1.6609809
1.6609809
1.6696696
1.6696696
1.6745668
1.6745668
1.6751567
1.6751567
1.6708996
1.6708996
1.6612375
1.6612375
1.6455989
1.6455989
1.6234028
1.6234028
1.594063
1.594063
1.5569938
1.5569938
1.5116183
1.5116183
1.4573852
1.4573852
1.3937974
1.3937974
1.3204612
1.3204612
1.2371638
1.2371638
1.143987
1.143987
1.0414535
1.0414535
0.93069144
0.93069144
0.81357705
0.81357705
0.69279796
0.69279796
0.5717811
0.5717811
0.45445827
0.45445827
0.34489753
0.34489753
0.24687775
0.24687775
0.16349849
0.16349849
0.096892108
0.096892108
0.048063333
0.048063333
0.016849582
0.016849582
0.0019828974
0.0019828974
0.0012340813
0.0012340813
0.011621493
0.011621493
0.029667251
0.029667251
0.051682331
0.051682331
0.074060668
0.074060668
0.093561793
0.093561793
0.10756223
0.10756223
0.11425793
0.11425793
0.11280323
0.11280323
0.1033766
0.1033766
0.087168147
0.087168147
0.066289865
0.066289865
0.043615013
0.043615013
0.022557897
0.022557897
0.0068096838
0.0068096838
4.8730495e-05
4.8730495e-05
0.0056456169
0.0056456169
0.026383268
0.026383268
0.064211554
0.064211554
0.12005379
0.12005379
0.19368051
0.19368051
0.28366499
0.28366499
0.38743689
0.38743689
0.50145226
0.50145226
0.6214925
0.6214925
0.743078
0.743078
0.86193477
0.86193477
0.9744101
0.9744101
1.0777347
1.0777347
1.1700841
1.1700841
1.2504692
1.2504692
1.3185332
1.3185332
1.3743357
1.3743357
1.4181734
1.4181734
1.4504539
1.4504539
1.471617
1.471617
1.4820914
1.4820914
1.4822721
1.4822721
1.4725103
1.4725103
1.453109
1.453109
1.4243224
1.4243224
1.3863572
1.3863572
1.3393801
1.3393801
1.2835323
1.2835323
1.2189588
1.2189588
1.1458572
1.1458572
1.0645536
1.0645536
0.97560559
0.97560559
0.87992514
0.87992514
0.77889928
0.77889928
0.67447064
0.67447064
0.56913429
0.56913429
0.46581961
0.46581961
0.3676587
0.3676587
0.27768212
0.27768212
0.19850771
0.19850771
0.1320851
0.1320851
0.079532477
0.079532477
0.041073357
0.041073357
0.016062255
0.016062255
0.0030820428
0.0030820428
9.5967244e-05
9.5967244e-05
0.0046385787
0.0046385787
0.014030088
0.014030088
0.025598434
0.025598434
0.036893274
0.036893274
0.045876826
0.045876826
0.051078184
0.051078184
0.051700372
0.051700372
0.047672851
0.047672851
0.039646208
0.039646208
0.028929953
0.028929953
0.017378495
0.017378495
0.0072340648
0.0072340648
0.00093832789
0.00093832789
0.00092656973
0.00092656973
0.0094193973
0.0094193973
0.028226969
0.028226969
0.058579796
0.058579796
0.10099833
0.10099833
0.15521097
0.15521097
0.22012727
0.22012727
0.29386969
0.29386969
0.3738641
0.3738641
0.4569855
0.4569855
0.53975018
0.53975018
0.61853999
0.61853999
0.68983742
0.68983742
0.75044703
0.75044703
0.79768039
0.79768039
0.82949027
0.82949027
0.84455116
0.84455116
0.84229332
0.84229332
0.82290246
0.82290246
0.78729554
0.78729554
0.73707758
0.73707758
0.67447738
0.67447738
0.60225508
0.60225508
0.52357421
0.52357421
0.44183554
0.44183554
0.3604795
0.3604795
0.28277313
0.28277313
0.21160357
0.21160357
0.14930001
0.14930001
0.097501448
0.097501448
0.05708028
0.05708028
0.028125391
0.028125391
0.0099833764
0.0099833764
0.0013526847
0.0013526847
0.00042251291
0.00042251291
0.0050456475
0.0050456475
0.012932375
0.012932375
0.021851162
0.021851162
0.029821277
0.029821277
0.035283018
0.035283018
0.037232708
0.037232708
0.035312122
0.035312122
0.029845319
0.029845319
0.021819726
0.021819726
0.012812498
0.012812498
0.004867282
0.004867282
0.00033021802
0.00033021802
0.0016570192
0.0016570192
0.011205123
0.011205123
0.031025983
0.031025983
0.062672681
0.062672681
0.10703723
0.10703723
0.16423067
0.16423067
0.23351747
0.23351747
0.31331466
0.31331466
0.40126404
0.40126404
0.49438117
0.49438117
0.58927395
0.58927395
0.68240587
0.68240587
0.77036204
0.77036204
0.85006975
0.85006975
0.91893828
0.91893828
0.97490975
0.97490975
1.0164397
1.0164397
1.0424409
1.0424409
1.0522244
1.0522244
1.0454612
1.0454612
1.0221783
1.0221783
0.9827908
0.9827908
0.92816384
0.92816384
0.85969027
0.85969027
0.77935785
0.77935785
0.68977483
0.68977483
0.59412234
0.59412234
0.49601502
0.49601502
0.39927558
0.39927558
0.30765482
0.30765482
0.22454355
0.22454355
0.15272051
0.15272051
0.094164967
0.094164967
0.049945662
0.049945662
0.020185856
0.020185856
0.0040989996
0.0040989996
8.7315299e-05
8.7315299e-05
0.0058938852
0.0058938852
0.0187968
0.0187968
0.035831748
0.035831748
0.05402775
0.05402775
0.070639839
0.070639839
0.083362665
0.083362665
0.090510174
0.090510174
0.091148753
0.091148753
0.085174357
0.085174357
0.073327928
0.073327928
0.057147658
0.057147658
0.038861027
0.038861027
0.021223727
0.021223727
0.0073162405
0.0073162405
0.0003117964
0.0003117964
0.003231332
0.003231332
0.018701975
0.018701975
0.048735338
0.048735338
0.094540839
0.094540839
0.15638783
0.15638783
0.23352973
0.23352973
0.324205
0.324205
0.4257341
0.4257341
0.53473276
0.53473276
0.64744808
0.64744808
0.76018538
0.76018538
0.86974201
0.86974201
0.97373629
0.97373629
1.0707476
1.0707476
1.1602568
1.1602568
1.2424491
1.2424491
1.3179679
1.3179679
1.3876923
1.3876923
1.4525722
1.4525722
1.5135236
1.5135236
1.571372
1.571372
1.626828
1.626828
1.6804804
1.6804804
1.7328013
1.7328013
1.784154
1.784154
1.8348041
1.8348041
1.8849301
1.8849301
1.9346351
1.9346351
1.983958
1.983958
2.032886
2.032886
2.0813665
2.0813665
2.1293209
2.1293209
2.1766578
2.1766578
2.1406451
2.1406451
2.1406451
2.0962706
2.0962706
2.0523047
2.0523047
2.0087517
2.0087517
1.9656067
1.9656067
1.9228487
1.9228487
1.8804338
1.8804338
1.8382909
1.8382909
1.7963181
1.7963181
1.7543796
1.7543796
1.7123027
1.7123027
1.6698752
1.6698752
1.6268416
1.6268416
1.5828997
1.5828997
1.5376959
1.5376959
1.4908216
1.4908216
1.4418093
1.4418093
1.3901324
1.3901324
1.3352086
1.3352086
1.2764125
1.2764125
1.213101
1.213101
1.1446585
1.1446585
1.070568
1.070568
0.99051128
0.99051128
0.90449725
0.90449725
0.8130011
0.8130011
0.71708531
0.71708531
0.61845923
0.61845923
0.51943685
0.51943685
0.42277451
0.42277451
0.33140781
0.33140781
0.2481411
0.2481411
0.17535498
0.17535498
0.11478229
0.11478229
0.067374832
0.067374832
0.033259008
0.033259008
0.011766992
0.011766992
0.0015282348
0.0015282348
0.00060750839
0.00060750839
0.0066767709
0.0066767709
0.017207955
0.017207955
0.0296733
0.0296733
0.04173962
0.04173962
0.051443403
0.051443403
0.057334984
0.057334984
0.058582139
0.058582139
0.05502629
0.05502629
0.047187768
0.047187768
0.036220083
0.036220083
0.023816669
0.023816669
0.012076797
0.012076797
0.0033400889
0.0033400889
1.1592516e-06
1.1592516e-06
0.0043172086
0.0043172086
0.018221803
0.018221803
0.043157659
0.043157659
0.079940009
0.079940009
0.12866025
0.12866025
0.18863733
0.18863733
0.25842192
0.25842192
0.33585638
0.33585638
0.41819087
0.41819087
0.50225241
0.50225241
0.58465694
0.58465694
0.66204435
0.66204435
0.73130741
0.73130741
0.7897821
0.7897821
0.83537468
0.83537468
0.86661762
0.86661762
0.88266433
0.88266433
0.88324521
0.88324521
0.86860944
0.86860944
0.83947203
0.83947203
0.79697577
0.79697577
0.74266767
0.74266767
0.67848057
0.67848057
0.60670431
0.60670431
0.52992913
0.52992913
0.45094855
0.45094855
0.37261931
0.37261931
0.29768996
0.29768996
0.22862043
0.22862043
0.16741896
0.16741896
0.11551832
0.11551832
0.073704206
0.073704206
0.042099323
0.042099323
0.020200169
0.020200169
0.0069594946
0.0069594946
0.00090547086
0.00090547086
0.00028717632
0.00028717632
0.0032350202
0.0032350202
0.0079241398
0.0079241398
0.01272882
0.01272882
0.016356721
0.016356721
0.017953211
0.017953211
0.017168302
0.017168302
0.014181442
0.014181442
0.0096825545
0.0096825545
0.0048109224
0.0048109224
0.0010566359
0.0010566359
0.00013202042
0.00013202042
0.0038226365
0.0038226365
0.013828866
0.013828866
0.03160975
0.03160975
0.058240585
0.058240585
0.094294877
0.094294877
0.1397597
0.1397597
0.19399153
0.19399153
0.25571719
0.25571719
0.32308193
0.32308193
0.39374346
0.39374346
0.46500645
0.46500645
0.53398742
0.53398742
0.59779457
0.59779457
0.65370436
0.65370436
0.69931735
0.69931735
0.73268114
0.73268114
0.75237607
0.75237607
0.75756675
0.75756675
0.74802651
0.74802651
0.72414149
0.72414149
0.68689748
0.68689748
0.63784765
0.63784765
0.57905525
0.57905525
0.51300493
0.51300493
0.44247915
0.44247915
0.37040341
0.37040341
0.29967122
0.29967122
0.23296548
0.23296548
0.17259434
0.17259434
0.12035716
0.12035716
0.077451133
0.077451133
0.044424417
0.044424417
0.021176851
0.021176851
0.0070065459
0.0070065459
0.00069759721
0.00069759721
0.00064197976
0.00064197976
0.004986623
0.004986623
0.011795088
0.011795088
0.019212305
0.019212305
0.025620578
0.025620578
0.029775626
0.029775626
0.03091274
0.03091274
0.028815186
0.028815186
0.023839602
0.023839602
0.016896183
0.016896183
0.0093846429
0.0093846429
0.0030901314
0.0030901314
4.6134111e-05
4.6134111e-05
0.0023737792
0.0023737792
0.012108654
0.012108654
0.031027187
0.031027187
0.060484804
0.060484804
0.10127756
0.10127756
0.15353807
0.15353807
0.21667552
0.21667552
0.28936919
0.28936919
0.36962383
0.36962383
0.45489251
0.45489251
0.54226415
0.54226415
0.62869744
0.62869744
0.71126487
0.71126487
0.78736075
0.78736075
0.8548343
0.8548343
0.91203255
0.91203255
0.95776583
0.95776583
0.99122693
0.99122693
1.0118982
1.0118982
1.0194733
1.0194733
1.0138083
1.0138083
0.99490923
0.99490923
0.96295534
0.96295534
0.91835609
0.91835609
0.86183305
0.86183305
0.79451256
0.79451256
0.71800625
0.71800625
0.63444976
0.63444976
0.54647151
0.54647151
0.45707581
0.45707581
0.36944752
0.36944752
0.28670849
0.28670849
0.21166888
0.21166888
0.1466127
0.1466127
0.09314244
0.09314244
0.052091562
0.052091562
0.023502902
0.023502902
0.0066664969
0.0066664969
0.00020885353
0.00020885353
0.0022247836
0.0022247836
0.010441701
0.010441701
0.022404865
0.022404865
0.035670954
0.035670954
0.047996882
0.047996882
0.057511093
0.057511093
0.062855722
0.062855722
0.063289954
0.063289954
0.058747484
0.058747484
0.049844098
0.049844098
0.03783471
0.03783471
0.024522652
0.024522652
0.012127207
0.012127207
0.0031182223
0.0031182223
2.8849937e-05
2.8849937e-05
0.0052589455
0.0052589455
0.020882278
0.020882278
0.048470517
0.048470517
0.088946014
0.088946014
0.14247398
0.14247398
0.20840339
0.20840339
0.28526521
0.28526521
0.37083716
0.37083716
0.46228325
0.46228325
0.55637058
0.55637058
0.64974895
0.64974895
0.73925397
0.73925397
0.82217418
0.82217418
0.89642442
0.89642442
0.9605961
0.9605961
1.0138954
1.0138954
1.0560105
1.0560105
1.0869558
1.0869558
1.10693
1.10693
1.1162068
1.1162068
1.1150607
1.1150607
1.1037281
1.1037281
1.0823942
1.0823942
1.0512071
1.0512071
1.010315
1.010315
0.95992743
0.95992743
0.90040143
0.90040143
0.83234529
0.83234529
0.75672703
0.75672703
0.67496342
0.67496342
0.58895864
0.58895864
0.50106465
0.50106465
0.41395196
0.41395196
0.33040501
0.33040501
0.25307984
0.25307984
0.18427056
0.18427056
0.12572288
0.12572288
0.078514248
0.078514248
0.043003682
0.043003682
0.018844243
0.018844243
0.0050483503
0.0050483503
9.5711839e-05
9.5711839e-05
0.0020737017
0.0020737017
0.008839535
0.008839535
0.018192898
0.018192898
0.028047305
0.028047305
0.03658865
0.03658865
0.042410324
0.042410324
0.044615879
0.044615879
0.042882442
0.042882442
0.037480755
0.037480755
0.029250682
0.029250682
0.019534037
0.019534037
0.010069489
0.010069489
0.0028568423
0.0028568423
1.7527801e-08
1.7527801e-08
0.0035395138
0.0035395138
0.015285768
0.015285768
0.036664807
0.036664807
0.068586792
0.068586792
0.11134669
0.11134669
0.16456448
0.16456448
0.22717038
0.22717038
0.29743874
0.29743874
0.37307205
0.37307205
0.45133428
0.45133428
0.52922681
0.52922681
0.60369303
0.60369303
0.67182771
0.67182771
0.73106234
0.73106234
0.77930042
0.77930042
0.81498921
0.81498921
0.83713125
0.83713125
0.84525244
0.84525244
0.83934951
0.83934951
0.81983733
0.81983733
0.78750909
0.78750909
0.74351339
0.74351339
0.68934337
0.68934337
0.62682612
0.62682612
0.55809651
0.55809651
0.48554019
0.48554019
0.4116968
0.4116968
0.33912571
0.33912571
0.27024822
0.27024822
0.20718862
0.20718862
0.15163694
0.15163694
0.10475076
0.10475076
0.067104737
0.067104737
0.038689045
0.038689045
0.018952613
0.018952613
0.0068844527
0.0068844527
0.0011247098
0.0011247098
9.6122789e-05
9.6122789e-05
0.0021458429
0.0021458429
0.0056872409
0.0056872409
0.0093315281
0.0093315281
0.011999842
0.011999842
0.013007894
0.013007894
0.012117286
0.012117286
0.0095500108
0.0095500108
0.0059653458
0.0059653458
0.0024010483
0.0024010483
0.00018332753
0.00018332753
0.00081229424
0.00081229424
0.0058313059
0.0058313059
0.016689741
0.016689741
0.034609182
0.034609182
0.060462758
0.060462758
0.094676534
0.094676534
0.13716045
0.13716045
0.18727448
0.18727448
0.24383362
0.24383362
0.30515286
0.30515286
0.36913067
0.36913067
0.43336625
0.43336625
0.49530193
0.49530193
0.55237861
0.55237861
0.60218962
0.60218962
0.64261872
0.64261872
0.67195156
0.67195156
0.68895545
0.68895545
0.69292796
0.69292796
0.68371881
0.68371881
0.6617298
0.6617298
0.6278958
0.6278958
0.58364629
0.58364629
0.53084467
0.53084467
0.47170199
0.47170199
0.40866422
0.40866422
0.34427706
0.34427706
0.28103747
0.28103747
0.22124498
0.22124498
0.16686693
0.16686693
0.11942972
0.11942972
0.0799448
0.0799448
0.048873711
0.048873711
0.026133506
0.026133506
0.01114042
0.01114042
0.0028876728
0.0028876728
5.1087857e-05
5.1087857e-05
0.0011146176
0.0011146176
0.0045066119
0.0045066119
0.008736983
0.008736983
0.01252536
0.01252536
0.014910933
0.014910933
0.015335927
0.015335927
0.013696512
0.013696512
0.010357203
0.010357203
0.0061274427
0.0061274427
0.0022017429
0.0022017429
6.7389669e-05
6.7389669e-05
0.0013860589
0.0013860589
0.0078575754
0.0078575754
0.021075368
0.021075368
0.042383834
0.042383834
0.072747861
0.072747861
0.11264419
0.11264419
0.16198337
0.16198337
0.22006991
0.22006991
0.285607
0.285607
0.3567501
0.3567501
0.4312106
0.4312106
0.50640383
0.50640383
0.5796267
0.5796267
0.648241
0.648241
0.70983416
0.70983416
0.76233498
0.76233498
0.80407461
0.80407461
0.83379943
0.83379943
0.85065317
0.85065317
0.85414957
0.85414957
0.84415299
0.84415299
0.82087736
0.82087736
0.78490501
0.78490501
0.73721879
0.73721879
0.67923294
0.67923294
0.61280387
0.61280387
0.5402008
0.5402008
0.46402318
0.46402318
0.38706402
0.38706402
0.3121331
0.3121331
0.24186491
0.24186491
0.17853867
0.17853867
0.12393222
0.12393222
0.079222389
0.079222389
0.044935983
0.044935983
0.020950319
0.020950319
0.0065391626
0.0065391626
0.00045845936
0.00045845936
0.0010645997
0.0010645997
0.0064566093
0.0064566093
0.014632372
0.014632372
0.02364822
0.02364822
0.031771038
0.031771038
0.037612538
0.037612538
0.040236558
0.040236558
0.039232019
0.039232019
0.034746497
0.034746497
0.027478002
0.027478002
0.018625403
0.018625403
0.0098007008
0.0098007008
0.0029089799
0.0029089799
4.0364251e-06
4.0364251e-06
0.0031293478
0.0031293478
0.014155056
0.014155056
0.034621941
0.034621941
0.065603002
0.065603002
0.10759229
0.10759229
0.16042938
0.16042938
0.22326669
0.22326669
0.29458569
0.29458569
0.37226774
0.37226774
0.45372229
0.45372229
0.53606953
0.53606953
0.61636146
0.61636146
0.69181087
0.69181087
0.75998781
0.75998781
0.81894774
0.81894774
0.86727508
0.86727508
0.90405049
0.90405049
0.92876901
0.92876901
0.94124125
0.94124125
0.94150435
0.94150435
0.92975944
0.92975944
0.90634256
0.90634256
0.87173008
0.87173008
0.82657435
0.82657435
0.77176146
0.77176146
0.70847681
0.70847681
0.63825879
0.63825879
0.56301689
0.56301689
0.48499412
0.48499412
0.40666471
0.40666471
0.33057594
0.33057594
0.25915934
0.25915934
0.19454429
0.19454429
0.13840305
0.13840305
0.091845227
0.091845227
0.05536699
0.05536699
0.028852611
0.028852611
0.011621653
0.011621653
0.0025140716
0.0025140716
4.8217688e-06
4.8217688e-06
0.0023389487
0.0023389487
0.0076775162
0.0076775162
0.014244317
0.014244317
0.02046341
0.02046341
0.025078218
0.025078218
0.027244221
0.027244221
0.026589094
0.026589094
0.023236384
0.023236384
0.017791347
0.017791347
0.011290106
0.011290106
0.0051158394
0.0051158394
0.00088790075
0.00088790075
0.00033160117
0.00033160117
0.0051376795
0.0051376795
0.016821154
0.016821154
0.036589298
0.036589298
0.065227898
0.065227898
0.10301381
0.10301381
0.14966025
0.14966025
0.2042995
0.2042995
0.26550558
0.26550558
0.33135758
0.33135758
0.39954181
0.39954181
0.46748752
0.46748752
0.53252654
0.53252654
0.59206194
0.59206194
0.64372727
0.64372727
0.68551842
0.68551842
0.71588579
0.71588579
0.73378334
0.73378334
0.73868046
0.73868046
0.73054812
0.73054812
0.70983138
0.70983138
0.67741679
0.67741679
0.63459748
0.63459748
0.58303253
0.58303253
0.52469347
0.52469347
0.46179026
0.46179026
0.39667229
0.39667229
0.33170682
0.33170682
0.26914409
0.26914409
0.21098398
0.21098398
0.15885948
0.15885948
0.11395006
0.11395006
0.076932359
0.076932359
0.04797073
0.04797073
0.02674609
0.02674609
0.012518594
0.012518594
0.0042179061
0.0042179061
0.00055344419
0.00055344419
0.00013607299
0.00013607299
0.0016021933
0.0016021933
0.0037311923
0.0037311923
0.0055477783
0.0055477783
0.0064018604
0.0064018604
0.0060202841
0.0060202841
0.0045267891
0.0045267891
0.0024288739
0.0024288739
0.00057266077
0.00057266077
6.9174067e-05
6.9174067e-05
0.0021975052
0.0021975052
0.0082919945
0.0082919945
0.019621699
0.019621699
0.037270972
0.037270972
0.062029933
0.062029933
0.094302985
0.094302985
0.13404242
0.13404242
0.18071262
0.18071262
0.23328848
0.23328848
0.29028959
0.29028959
0.34984929
0.34984929
0.40981456
0.40981456
0.4678698
0.4678698
0.52167397
0.52167397
0.56899875
0.56899875
0.60785538
0.60785538
0.63660041
0.63660041
0.65401522
0.65401522
0.65935866
0.65935866
0.65239551
0.65239551
0.63340401
0.63340401
0.60316435
0.60316435
0.56292776
0.56292776
0.5143634
0.5143634
0.45948083
0.45948083
0.40052752
0.40052752
0.33986528
0.33986528
0.27983395
0.27983395
0.22261395
0.22261395
0.17010011
0.17010011
0.12379777
0.12379777
0.084749058
0.084749058
0.053494037
0.053494037
0.030068087
0.030068087
0.014034514
0.014034514
0.0045490336
0.0045490336
0.00045096531
0.00045096531
0.00037430927
0.00037430927
0.0028706874
0.0028706874
0.0065353556
0.0065353556
0.010127296
0.010127296
0.01267479
0.01267479
0.013558859
0.013558859
0.012568461
0.012568461
0.0099232881
0.0099232881
0.0062622931
0.0062622931
0.002598447
0.002598447
0.00024265026
0.00024265026
0.00070189988
0.00070189988
0.0055586557
0.0055586557
0.016339714
0.016339714
0.034383698
0.034383698
0.060716481
0.060716481
0.095943528
0.095943528
0.14016739
0.14016739
0.19293751
0.19293751
0.2532385
0.2532385
0.31952141
0.31952141
0.38978058
0.38978058
0.46167395
0.46167395
0.53267757
0.53267757
0.60025655
0.60025655
0.66202777
0.66202777
0.71589021
0.71589021
0.7601072
0.7601072
0.79333903
0.79333903
0.81463719
0.81463719
0.82341916
0.82341916
0.81944228
0.81944228
0.80279049
0.80279049
0.77387971
0.77387971
0.73347952
0.73347952
0.68274133
0.68274133
0.62321706
0.62321706
0.55685007
0.55685007
0.48592279
0.48592279
0.41295457
0.41295457
0.34055624
0.34055624
0.2712598
0.2712598
0.2073476
0.2073476
0.15070353
0.15070353
0.1027019
0.1027019
0.064141005
0.064141005
0.035222538
0.035222538
0.015574075
0.015574075
0.0043101288
0.0043101288
0.00012575474
0.00012575474
0.001415458
0.001415458
0.0064089614
0.0064089614
0.013314508
0.013314508
0.020459969
0.020459969
0.026422226
0.026422226
0.030136073
0.030136073
0.0309753
0.0309753
0.028800441
0.028800441
0.023969959
0.023969959
0.017314069
0.017314069
0.010072935
0.010072935
0.0038033681
0.0038033681
0.00026028995
0.00026028995
0.001260916
0.001260916
0.0085407996
0.0085407996
0.023611439
0.023611439
0.047629093
0.047629093
0.081283812
0.081283812
0.12471656
0.12471656
0.17747092
0.17747092
0.23848435
0.23848435
0.30612283
0.30612283
0.37826071
0.37826071
0.45240529
0.45240529
0.52585956
0.52585956
0.59590822
0.59590822
0.66000329
0.66000329
0.71592139
0.71592139
0.76186969
0.76186969
0.79653121
0.79653121
0.81905615
0.81905615
0.82901818
0.82901818
0.82635819
0.82635819
0.81133486
0.81133486
0.78449397
0.78449397
0.74665952
0.74665952
0.69894236
0.69894236
0.64275469
0.64275469
0.57981475
0.57981475
0.51212445
0.51212445
0.44190742
0.44190742
0.37150424
0.37150424
0.30323428
0.30323428
0.23924335
0.23924335
0.18136038
0.18136038
0.13098272
0.13098272
0.089001898
0.089001898
0.055773746
0.055773746
0.031131013
0.031131013
0.014433496
0.014433496
0.0046491668
0.0046491668
0.00045884604
0.00045884604
0.00037627905
0.00037627905
0.0028749215
0.0028749215
0.0065125626
0.0065125626
0.010045205
0.010045205
0.012522439
0.012522439
0.013357873
0.013357873
0.012369966
0.012369966
0.0097906477
0.0097906477
0.0062414265
0.0062414265
0.0026788732
0.0026788732
0.0003135413
0.0003135413
0.00050816965
0.00050816965
0.0046624294
0.0046624294
0.014092376
0.014092376
0.029913114
0.029913114
0.052932967
0.052932967
0.083566693
0.083566693
0.12177407
0.12177407
0.16702864
0.16702864
0.21831945
0.21831945
0.27418692
0.27418692
0.3327915
0.3327915
0.39201163
0.39201163
0.44956485
0.44956485
0.50314276
0.50314276
0.55054852
0.55054852
0.58982444
0.58982444
0.61935885
0.61935885
0.63796514
0.63796514
0.64493088
0.64493088
0.64003885
0.64003885
0.62356478
0.62356478
0.59625554
0.59625554
0.55929066
0.55929066
0.51422688
0.51422688
0.4629247
0.4629247
0.40745624
0.40745624
0.34999646
0.34999646
0.29270318
0.29270318
0.23759516
0.23759516
0.18643891
0.18643891
0.14065448
0.14065448
0.10124829
0.10124829
0.068777743
0.068777743
0.04334921
0.04334921
0.024648178
0.024648178
0.0119982
0.0119982
0.0044434215
0.0044434215
0.000848135
0.000848135
5.8008904e-06
5.8008904e-06
0.00074943477
0.00074943477
0.0020552517
0.0020552517
0.0031319706
0.0031319706
0.0034892326
0.0034892326
0.0029801014
0.0029801014
0.0018144983
0.0018144983
0.00054254094
0.00054254094
8.9508789e-06
8.9508789e-06
0.0012818073
0.0012818073
0.0055607978
0.0055607978
0.014071619
0.014071619
0.027954203
0.027954203
0.04815295
0.04815295
0.075317072
0.075317072
0.10971861
0.10971861
0.15119466
0.15119466
0.19911891
0.19911891
0.25240595
0.25240595
0.30954982
0.30954982
0.36869548
0.36869548
0.42773902
0.42773902
0.48444868
0.48444868
0.53659565
0.53659565
0.58208206
0.58208206
0.6190545
0.6190545
0.64599542
0.64599542
0.66178942
0.66178942
0.66576648
0.66576648
0.65772605
0.65772605
0.63794568
0.63794568
0.60717517
0.60717517
0.56661432
0.56661432
0.51786957
0.51786957
0.46288565
0.46288565
0.40385044
0.40385044
0.34307673
0.34307673
0.28286917
0.28286917
0.22538858
0.22538858
0.17252647
0.17252647
0.12580067
0.12580067
0.086280268
0.086280268
0.054543924
0.054543924
0.030673371
0.030673371
0.014280947
0.014280947
0.0045682939
0.0045682939
0.00041149218
0.00041149218
0.00046635279
0.00046635279
0.0032864076
0.0032864076
0.0074453286
0.0074453286
0.011655239
0.011655239
0.01487265
0.01487265
0.016384586
0.016384586
0.015868789
0.015868789
0.013423652
0.013423652
0.0095656043
0.0095656043
0.0051938827
0.0051938827
0.0015249037
0.0015249037
5.3894664e-07
5.3894664e-07
0.0021764234
0.0021764234
0.0095978284
0.0095978284
0.023671534
0.023671534
0.045542473
0.045542473
0.075983739
0.075983739
0.11530785
0.11530785
0.16330623
0.16330623
0.21922264
0.21922264
0.28176526
0.28176526
0.34916058
0.34916058
0.41924963
0.41924963
0.4896224
0.4896224
0.55777858
0.55777858
0.62129486
0.62129486
0.67797418
0.67797418
0.72595545
0.72595545
0.7637725
0.7637725
0.79036536
0.79036536
0.80505848
0.80505848
0.80752525
0.80752525
0.79775657
0.79775657
0.77604498
0.77604498
0.74298786
0.74298786
0.69950541
0.69950541
0.64686223
0.64686223
0.58667626
0.58667626
0.52089842
0.52089842
0.45175026
0.45175026
0.38161717
0.38161717
0.31290668
0.31290668
0.24789119
0.24789119
0.18855762
0.18855762
0.13648341
0.13648341
0.092750351
0.092750351
0.057900864
0.057900864
0.031935954
0.031935954
0.014351197
0.014351197
0.0042057112
0.0042057112
0.00021784989
0.00021784989
0.00088036918
0.00088036918
0.004586939
0.004586939
0.0097613263
0.0097613263
0.014980501
0.014980501
0.019083377
0.019083377
0.021257897
0.021257897
0.021100658
0.021100658
0.018645145
0.018645145
0.014356754
0.014356754
0.009095076
0.009095076
0.0040460733
0.0040460733
0.00062885516
0.00062885516
0.00038343655
0.00038343655
0.0048471555
0.0048471555
0.015428184
0.015428184
0.033284772
0.033284772
0.059218534
0.059218534
0.093589191
0.093589191
0.13625696
0.13625696
0.18655718
0.18655718
0.24331003
0.24331003
0.3048666
0.3048666
0.3691903
0.3691903
0.43397021
0.43397021
0.49675926
0.49675926
0.55512536
0.55512536
0.60680024
0.60680024
0.64980903
0.64980903
0.6825673
0.6825673
0.70393936
0.70393936
0.71326019
0.71326019
0.71032999
0.71032999
0.69539263
0.69539263
0.66910742
0.66910742
0.63251878
0.63251878
0.58702267
0.58702267
0.53432425
0.53432425
0.47637929
0.47637929
0.41531387
0.41531387
0.35332184
0.35332184
0.29254616
0.29254616
0.23495577
0.23495577
0.18223204
0.18223204
0.13567764
0.13567764
0.096156322
0.096156322
0.064067833
0.064067833
0.039357809
0.039357809
0.021559713
0.021559713
0.0098639697
0.0098639697
0.0032080952
0.0032080952
0.00038065558
0.00038065558
0.00013129592
0.00013129592
0.0012788648
0.0012788648
0.0028099319
0.0028099319
0.0039607538
0.0039607538
0.0042769727
0.0042769727
0.0036469509
0.0036469509
0.0023065551
0.0023065551
0.00081525421
0.00081525421
5.448711e-06
5.448711e-06
0.00090885552
0.00090885552
0.0046653894
0.0046653894
0.012421211
0.012421211
0.025223365
0.025223365
0.043918667
0.043918667
0.069064237
0.069064237
0.10085629
0.10085629
0.13908268
0.13908268
0.18310303
0.18310303
0.23185882
0.23185882
0.2839135
0.2839135
0.33752095
0.33752095
0.39071801
0.39071801
0.44143489
0.44143489
0.48761493
0.48761493
0.52733409
0.52733409
0.55891067
0.55891067
0.58099766
0.58099766
0.59265246
0.59265246
0.59338223
0.59338223
0.58316507
0.58316507
0.56244843
0.56244843
0.53212565
0.53212565
0.49349123
0.49349123
0.44817503
0.44817503
0.39805636
0.39805636
0.34516124
0.34516124
0.29154847
0.29154847
0.23919256
0.23919256
0.18987279
0.18987279
0.14507725
0.14507725
0.10592928
0.10592928
0.073141208
0.073141208
0.046998051
0.046998051
0.027371384
0.027371384
0.013761506
0.013761506
0.0053642941
0.0053642941
0.0011575073
0.0011575073
1.251166e-07
1.251166e-07
0.0007374475
0.0007374475
0.0023043269
0.0023043269
0.0038190373
0.0038190373
0.0046609341
0.0046609341
0.0045261884
0.0045261884
0.0034574171
0.0034574171
0.00184488
0.00184488
0.00039893636
0.00039893636
9.5515069e-05
9.5515069e-05
0.002098294
0.002098294
0.0076629714
0.0076629714
0.018030326
0.018030326
0.034315617
0.034315617
0.057402219
0.057402219
0.087847254
0.087847254
0.12580634
0.12580634
0.17098366
0.17098366
0.22261226
0.22261226
0.27946799
0.27946799
0.33991848
0.33991848
0.40200585
0.40200585
0.46355768
0.46355768
0.52231653
0.52231653
0.57607397
0.57607397
0.62279404
0.62279404
0.66071367
0.66071367
0.68841389
0.68841389
0.70486316
0.70486316
0.70943954
0.70943954
0.70194068
0.70194068
0.68258837
0.68258837
0.65202982
0.65202982
0.61133232
0.61133232
0.56196377
0.56196377
0.50574984
0.50574984
0.44480125
0.44480125
0.38141002
0.38141002
0.31792156
0.31792156
0.25659499
0.25659499
0.19946722
0.19946722
0.14823497
0.14823497
0.10416473
0.10416473
0.068036681
0.068036681
0.040124372
0.040124372
0.020209548
0.020209548
0.0076294751
0.0076294751
0.0013524785
0.0013524785
7.5956488e-05
7.5956488e-05
0.0023399311
0.0023399311
0.0066482742
0.0066482742
0.011589315
0.011589315
0.015947608
0.015947608
0.018799232
0.018799232
0.019584125
0.019584125
0.018150478
0.018150478
0.014768111
0.014768111
0.010109843
0.010109843
0.0052020298
0.0052020298
0.0013475487
0.0013475487
2.6349381e-05
2.6349381e-05
0.00278026
0.00278026
0.011089793
0.011089793
0.026251277
0.026251277
0.04926268
0.04926268
0.080725977
0.080725977
0.12077301
0.12077301
0.16902056
0.16902056
0.22455883
0.22455883
