0  3.1292770395429246
1  3.105073285588637
2  3.0332470152944295
3  2.915832469235349
4  2.75582459363762
5  2.5572497952081137
6  2.3252472820661074
7  2.0661463242802434
8  1.787537285813969
9  1.4983220246420672
10  1.2086692758415378
11  0.9297212231379883
12  0.6729003684509132
13  0.4488300199829596
14  0.2661177340347233
15  0.13034567642392497
16  0.04348713906997532
17  0.003776510622609799
18  0.005961411414139572
19  0.041860179468108195
20  0.10116195612894391
21  0.17240528032901828
22  0.24405804107743365
23  0.30560697099498546
24  0.3485552865022324
25  0.3672275065455204
26  0.35929445839859286
27  0.3259598128845845
28  0.27178877820955155
29  0.2042026632673828
30  0.1327012810587723
31  0.06790175986526133
32  0.020494354257597425
33  0.0002144965187127655
34  0.014919229321543636
35  0.06983942165128909
36  0.16705994973213256
37  0.30526017838502917
38  0.4797275301826365
39  0.6826382064042877
40  0.903581580739111
41  1.1302884375900406
42  1.3495078032065009
43  1.5479635708017732
44  1.7133140854491125
45  1.8350399412106475
46  1.9051977647059541
47  1.9189949599097706
48  1.875154625729985
49  1.7760485142869196
50  1.62758271844604
51  1.438832472610437
52  1.2214422904391624
53  0.9888322440756172
54  0.7552721617212199
55  0.5348964677269278
56  0.34073330141914576
57  0.18381663488700248
77  0.2914621860501833
78  0.15774207173592195
79  0.058564141866221824
80  0.005918539004834219
81  0.009084385999205581
82  0.07392411425635477
83  0.20239975942707822
84  0.3923396556629424
85  0.6374925606778779
86  0.9280451238881289
87  1.2521940482729668
88  1.5995689551142573
89  1.965624454514779
90  2.352663977480821
91  2.7651139450277267
92  1.641801532421028
93  1.2720252631532858
94  0.9421137660768266
95  0.6528108730832389
96  0.40947664832199754
97  0.21913325634640024
98  0.08715720354077736
99  0.01542262657912621
100  0.0017625440945008084
101  0.04014064780427313
102  0.1211829832520893
103  0.23294452181656453
104  0.36184962809737314
105  0.49374525841913364
106  0.6149955446545308
107  0.7135388066416676
108  0.779825841602763
109  0.807563213178213
110  0.7941982773586033
111  0.7411035933956492
112  0.6534451650696768
113  0.5397478874530461
114  0.4111983624271326
115  0.2807462360216133
116  0.16207848934014685
117  0.06854658613889235
118  0.012125162743882196
119  0.002474613133767575
120  0.046169843000602104
121  0.14614483493087127
122  0.3013891507266917
123  0.506924200882416
124  0.75410305707132
125  1.031338519670789
126  1.3254077047917305
127  1.6233086887852637
128  1.9142020607126948
129  2.190683906062006
130  2.4489632483593686
131  2.6881989812445726
132  2.909614597247443
133  3.115843713018657
134  3.310610634205259
135  2.6858959904990862
136  2.4555634924183902
137  2.2163287900299085
138  1.9680450787480097
139  1.7119564270113736
140  1.4509945449956727
141  1.190084417631198
142  0.9362009518348845
143  0.6979187804333397
144  0.48440019535448997
145  0.3040729906183603
146  0.16341021005826964
147  0.06610840495638225
148  0.01272287376177787
149  0.0006764921047222503
150  0.02454875245443268
151  0.07658343698286785
152  0.14736864905234584
153  0.22663994707901253
154  0.30414832718832346
155  0.3705267575318838
156  0.41808490864595715
157  0.4414636021171605
158  0.4380896263817138
159  0.4083881868734934
160  0.3557329535757113
161  0.28613937924232824
162  0.20773173381796592
163  0.13003449627944866
164  0.0631520254417016
165  0.01690619258083074
166  7.456715831423869e-07
167  0.019275110251353245
168  0.07910073258215977
169  0.180961359246537
170  0.3232463590240219
171  0.5012761859953755
172  0.7075755607815697
173  0.9324108892216817
174  1.1645913678706774
175  1.392465305499902
176  1.60493931801698
177  1.7922977517005356
178  1.9466749903283018
179  2.0621858246556326
180  2.1348333956352152
181  2.162335426844623
182  2.1439695919530544
183  2.0804892143483444
184  1.9741236881902438
185  1.828652125887921
186  1.649514604824976
187  1.4438963432004748
188  1.2206885380345671
189  0.9902156985694336
190  0.7636576676838733
191  0.5521980025972016
192  0.3660493353082662
193  0.21355377047141907
194  0.10050282313686074
195  0.029728933404022134
196  0.0009619087061246489
197  0.010928788597536696
198  0.05367566532918022
199  0.12108576425491532
200  0.2035583802845965
201  0.2908020845171339
202  0.37268565182374647
203  0.44008287532583956
204  0.48564413825018793
205  0.5044296756976712
206  0.4943479729031768
207  0.45635801613601173
208  0.39441497863362274
209  0.31516286829380386
210  0.22740123592974426
211  0.14137281115731168
212  0.06793265627659437
213  0.01766615820378757
214  2.3427606706923647e-05
215  0.0225326842131877
216  0.09014665852087307
217  0.20476653168512338
218  0.36498541582315064
219  0.5661206634594829
220  0.8006866706168408
221  1.0595277543121864
222  1.3336392604852951
223  1.6161317224556353
224  1.9033229704829246
225  2.1943246400726677
226  2.4896246857495434
227  2.7899403535021197
228  2.3488074488827824
229  2.1329391139604867
230  1.9163185339781819
231  1.6955681917022671
232  1.4688937631603205
233  1.2372061372483816
234  1.0046605516981697
235  0.7783184611021084
236  0.5670301261252569
237  0.3799469550893506
238  0.22514844274246681
239  0.10867177834743089
240  0.03396630526302784
241  0.0016717920896070022
242  0.009634908928315054
243  0.05312165526507569
244  0.12520100963503353
245  0.2172726548035096
246  0.31970359367942836
247  0.42253119408659634
248  0.5161854498229816
249  0.5921815886699956
250  0.6437357199318435
251  0.6662609693523095
252  0.6577092552788686
253  0.6187341177506996
254  0.5526621738985109
255  0.4652740725150804
256  0.36440925246214145
257  0.25942130931163876
258  0.16052132232147073
259  0.07805419913343088
260  0.021757342052807827
261  5.142500250749854e-05
262  0.019409812366290625
263  0.08384659284994131
264  0.194554945841882
265  0.34972579247717217
266  0.5446150885936222
267  0.7720741447890739
268  1.0239653595803446
269  1.2936868244583466
270  1.5788047104473448
271  1.8812970083995708
272  2.2042274586228707
273  1.742810806859419
274  1.4427751195696368
275  1.1712799213206193
276  0.924461098328377
277  0.7004541854825515
278  0.5008844738420655
279  0.32989543722867365
280  0.1921254667450819
281  0.09099271950616371
282  0.027761235755601965
283  0.001261230873495088
284  0.007997829283647367
285  0.042475856906495496
286  0.0976625058390583
287  0.165545472313043
288  0.2377484445126179
289  0.3061626869087021
290  0.363551308129701
291  0.4040836133157373
292  0.4237611087351751
293  0.42070414848704263
294  0.3952783982590871
295  0.35005236442196125
296  0.2895900571211297
297  0.2200952044809362
298  0.14893414443408917
299  0.08407279781894614
300  0.03346843990512842
301  0.00445919230294861
302  0.003193371175349665
303  0.03413733725822631
304  0.09969478293439608
305  0.19996344585325554
306  0.332649665182714
307  0.49316341977445444
308  0.6749337626752283
309  0.8700047046149136
310  1.0699389330922868
311  1.266916802944406
312  1.454735577719642
313  1.6293742030533318
314  1.7889829822894372
315  1.933437346569024
316  2.0637372080801755
317  2.181480010034479
318  2.2884991510932036
319  2.386658189760937
320  2.4777560776607057
321  2.563503529703186
322  2.317717796052726
323  2.1726926701147713
324  2.0291964944992493
325  1.8874661937903732
326  1.7476791631456892
327  1.6098726185899022
328  1.4739173063336166
329  1.339550988909357
330  1.206473767941895
331  1.0745005509866419
332  0.9437523896036013
333  0.8148473708061978
334  0.689030585678507
335  0.5681778007207585
336  0.4546345274054137
337  0.3509088928453858
338  0.25929518372497223
339  0.18152909084635951
340  0.11855249514647426
341  0.07041636027292092
342  0.03630831894345909
343  0.014673142320508986
344  0.0033940536136142637
345  8.57062201758882e-06
346  0.0019372393270787119
347  0.0067062872422397075
348  0.012147182289674303
349  0.016558494223405988
350  0.01881876881031428
351  0.01844331492284818
352  0.015582539148243046
353  0.010964316204781506
354  0.0057873711652184625
355  0.0015763786843377677
356  1.2145075941939514e-05
357  0.0027516812248163003
358  0.011253165252678008
359  0.026619829595327642
360  0.04947484524053314
361  0.07987653442367935
362  0.11727995360831973
363  0.16054729670947968
364  0.20800591934305593
365  0.2575493074490979
366  0.306773235975034
367  0.3531368718395303
368  0.39413683451906506
369  0.4274813581690596
370  0.4512517329198475
371  0.4640391670124406
372  0.4650470191818955
373  0.45415086495720397
374  0.4319119246360368
375  0.3995427469325162
376  0.35882749747443143
377  0.31200247164089256
378  0.26160532849211654
379  0.21030379328170717
380  0.1607160772504927
381  0.11523587657387925
382  0.07587452481701601
383  0.044131697070004
384  0.020904090637409167
385  0.006438870500603862
386  0.00033554984051861975
387  0.0015965792841457051
388  0.008723465611837499
389  0.019851946701822616
390  0.03291683103014737
391  0.045834758727640854
392  0.056691527250414604
393  0.06391989190082786
394  0.06645400459979493
395  0.06384793254319811
396  0.05634799139417083
397  0.04491180925605182
398  0.031170910962575182
399  0.017337866097349205
400  0.006063322004361935
401  0.00025215337309849234
402  0.0028511448596196826
403  0.016622800276461385
404  0.04392088864369253
405  0.0864832073343355
406  0.14525610036238307
407  0.22026450252881333
408  0.3105429633123959
409  0.4141504745597818
410  0.528304909298012
411  0.6496788398855456
412  0.774870204209187
413  0.9009827204866346
414  1.026157475924765
415  1.1498679047179006
416  1.2728725348224446
417  1.396864860426643
418  1.5239651637646625
419  1.6562108947150036
420  1.7951538114764964
421  1.9416243881276343
422  2.0956980617838163
423  2.256873842278643
424  1.876277367365006
425  1.7768824368670255
426  1.6827397669443906
427  1.5917826448067511
428  1.5014889569334346
429  1.4091256090679345
430  1.3120703790729134
431  1.2081794795809797
432  1.0961679380927543
433  0.9759487566956226
434  0.8488491096754955
435  0.7176168511544699
436  0.5861724277801847
437  0.45914255723172287
438  0.3412881764930325
439  0.23696019471166946
440  0.1496746292322168
441  0.08183461687970321
442  0.034585382253961586
443  0.007779057875529384
444  3.223978208191463e-05
445  0.008864380462455312
446  0.030905323683056145
447  0.062157537348962094
448  0.09829534245638731
449  0.1349809698789132
450  0.16817611788806378
451  0.19442799944983546
452  0.21111064641102015
453  0.2166053520853939
454  0.21040833705182785
455  0.19315871322599773
456  0.16658524860423246
457  0.13337590509921737
458  0.09697929935627235
459  0.06135177087151183
460  0.03066734152111352
461  0.009010302541154392
462  7.12962724272399e-05
463  0.0068675016928676415
464  0.03150589823301013
465  0.07500568647592294
466  0.13719199593857062
467  0.21666834335399987
468  0.31087042778952373
469  0.41619949132642475
470  0.5282303642337329
471  0.6419872070037188
472  0.7522761636504666
473  0.8540544520314272
474  0.9427990201299921
475  1.0148230161934286
476  1.067488581574968
477  1.0992866491153344
478  1.109789701837929
479  1.0995138162633553
480  1.0697390484467888
481  1.0223316324800624
482  0.959595608134129
483  0.8841637207215403
484  0.7989223230423287
485  0.7069537502298467
486  0.6114732224705015
487  0.5157377664243334
488  0.4229142145338693
489  0.3359103930663359
490  0.2571920432716224
491  0.18861867748272318
492  0.1313295806852133
493  0.08569894481434677
494  0.05136391442567945
495  0.02731753420009208
496  0.012052087643585127
497  0.0037357874956010693
498  0.0004052594618450421
499  0.0001566597181025047
500  0.0013194260473656076
501  0.002598693360744864
502  0.0031753966979736563
503  0.002756912814302362
504  0.0015754772947088342
505  0.0003361561227893332
506  0.00012042427147811147
507  0.0022550108163737546
508  0.00815830819667966
509  0.01917813158653253
510  0.03643490072243796
511  0.06068346201798757
512  0.09220492380123056
513  0.1307372390435102
514  0.1754500856921433
515  0.22496609751213514
516  0.2774269409129394
517  0.3305993715535655
518  0.3820134264861213
519  0.4291225482639789
520  0.4694738367527599
521  0.5008758885054373
522  0.5215518761645681
523  0.5302666036892616
524  0.5264181434792358
525  0.5100871895022259
526  0.4820402784932068
527  0.44368632112770495
528  0.39698922921239205
529  0.34434260179312987
530  0.2884151688134222
531  0.23197782063584885
532  0.17772437469210917
533  0.12809868111831774
534  0.08514023626734447
535  0.05035918047686288
536  0.024649515014960207
537  0.008246731234508574
538  0.0007329684746100024
539  0.0010895241334185435
540  0.007793237813500292
541  0.018950178735955902
542  0.032457376631464356
543  0.046181231046933745
544  0.05813985294311396
545  0.06667605228205789
546  0.07060804523017697
547  0.06934624129768113
548  0.06296663563433803
549  0.05223425853138657
550  0.03857365518126959
551  0.0239871990012237
552  0.010925915650894633
553  0.0021210585951871976
554  0.00038763863152903983
555  0.008413217891424416
556  0.028546367839194963
557  0.06259922442612934
558  0.11167769000741326
559  0.17605153381263858
560  0.2550760814507418
561  0.3471794781520813
562  0.44993623856219983
563  0.5602553221129171
564  0.674704944658045
565  0.7899587342473973
566  0.9032814393103866
567  1.012919044643742
568  1.1182703750231633
569  1.2198020821051048
570  1.318770484093732
571  1.4168654413131834
572  1.5158757800165157
573  1.6174269058319994
574  1.7228006451117293
575  1.8328311971972315
576  1.9478724083531178
577  2.067836561295569
578  2.192303737161083
579  1.9838330313876342
580  1.9078517897581182
581  1.835477649971404
582  1.7655373229335685
583  1.6965208987315343
584  1.6266290471837557
585  1.5538627636454931
586  1.4761495895536403
587  1.3915076204435204
588  1.2982532158533802
589  1.1952539904297645
590  1.0822107236654885
591  0.9599213828514521
592  0.8304498152725449
593  0.6971140265504537
594  0.5642447778089865
595  0.43673957138926695
596  0.3195110655731163
597  0.21695541457967335
598  0.13253301029590125
599  0.06849536944931088
600  0.02574986402460489
601  0.00384123636894706
602  0.0010320217457770366
603  0.014468056558642067
604  0.040415261158075595
605  0.0745512213814129
606  0.11229197358311342
607  0.14913210781105732
608  0.18097536034870437
609  0.20443342532028347
610  0.21707278384107512
611  0.21759278307903152
612  0.20592277415408763
613  0.18323155018221948
614  0.15184822044033688
615  0.11509965249006214
616  0.07707526128948011
617  0.04233486209446806
618  0.015579148573081078
619  0.0013048541964736004
620  0.003467622212989783
621  0.02517499246717412
622  0.06842983165371962
623  0.13394136785330363
624  0.2210177850166845
625  0.32755363662267645
626  0.4501312169193662
627  0.5842682421345775
628  0.7248500050118307
629  0.8667495198862756
630  1.0055463470579635
631  1.1381525183549992
632  1.2631386067919907
633  1.3806667894649267
634  1.4921057674719136
635  1.5995037660996299
636  1.7050838406888487
637  1.810851564892141
638  1.9183415751803672
639  2.0285039004889813
640  2.1417277086003734
641  1.9139520354734378
642  1.7910009391343071
643  1.6752300251981838
644  1.5661282101183005
645  1.4627307677706682
646  1.3636766403030254
647  1.2673407692427583
648  1.1720113768079508
649  1.076093015577801
650  0.9783241912551632
651  0.8779949505864754
652  0.7751348790705
653  0.6706250535004183
654  0.5661846082631923
655  0.4642059886557993
656  0.36745882819129955
657  0.2787274663116746
658  0.20046442848750362
659  0.1345234571966689
660  0.08199810134176892
661  0.043160549100926454
662  0.017481921588322232
663  0.0037150346734088594
664  2.437147858130035e-05
665  0.004150367581634232
666  0.013595507220832283
667  0.02581926783899443
668  0.038428664083573524
669  0.0493515514217891
670  0.05698111291292551
671  0.06028204013103945
672  0.05885167881953187
673  0.05293263686207876
674  0.043376790071132314
675  0.031564015812294705
676  0.01928207459174271
677  0.008576659295831996
678  0.0015825537440453338
679  0.00034799034491322776
680  0.006664619826783216
681  0.02191499298883007
682  0.04694816700528847
683  0.0819920736174224
684  0.12660875725196263
685  0.17969569032081054
686  0.2395332798926273
687  0.3038756051513623
688  0.3700785632203067
689  0.43525705793843633
690  0.496460739863796
691  0.550856154892478
692  0.5959022024099508
693  0.6295058859897332
694  0.6501468164326532
695  0.6569618793474534
696  0.649785449846177
697  0.629144588527478
698  0.5962120791477239
699  0.5527223017005062
700  0.5008561938141517
701  0.44310231609323963
702  0.38210196677712904
703  0.32048755523629896
704  0.2607246906865091
705  0.2049691787012995
706  0.15494964489355403
707  0.11188474608570041
708  0.0764410798317498
709  0.04873442875077136
710  0.028373391540004046
711  0.014541079323211536
712  0.006107638461909321
713  0.0017640067321759907
714  0.0001656837631126296
715  7.449367407328985e-05
716  0.000486437129440519
717  0.0007348071400698183
718  0.0005597289251321726
719  0.00013804418978872584
720  7.077295287286521e-05
721  0.0013289623302152923
722  0.005162250840389516
723  0.012977623963747624
724  0.026198341137439726
725  0.04611468648342737
726  0.07373892703131169
727  0.10967664930179617
728  0.15402554164465776
729  0.20631080703838134
730  0.26546380446973206
731  0.3298472731520056
732  0.39732659103561435
733  0.4653821141249396
734  0.5312532801386686
735  0.5921017700869585
736  0.6451797738707634
737  0.6879906898666022
738  0.7184329517902839
739  0.7349214398503542
740  0.7364835277427664
741  0.722827290684291
742  0.6943782057430957
743  0.6522790240971086
744  0.598347189023792
745  0.5349864155653229
746  0.4650539097067771
747  0.39169088855634393
748  0.3181295747132033
749  0.24749289957597115
750  0.18260328592511307
751  0.12581484746430024
752  0.07888033899067665
753  0.0428610472980779
754  0.018084778251730934
755  0.0041540429366431035
756  3.40651869434546e-06
757  0.0040018270384138575
758  0.014092860052810238
759  0.027963074553373556
760  0.04322709692712371
761  0.05761651916936566
762  0.06915956013554848
763  0.07633889212710647
764  0.07821642117365889
765  0.07451595484572378
766  0.06565749726319953
767  0.05274017799508204
768  0.037474351466133746
769  0.02206694111215705
770  0.009067380388694613
771  0.0011842918776433582
772  0.001085122527276837
773  0.0111921623745975
774  0.033488651070948096
775  0.06934803961302978
776  0.11939811346972096
777  0.18343004944477706
778  0.26036148510803914
779  0.3482635157630451
780  0.4444643905928552
781  0.5457437714966276
782  0.6486217668156207
783  0.7497187556734399
784  0.8461224047060909
785  0.9356735326695492
786  1.0170986008013985
787  1.0899710517410228
788  1.154543731199848
789  1.2115251825758488
790  1.261865251705399
791  1.3065869283204143
792  1.346673280981374
793  1.383001644576112
794  1.4163116946440568
795  1.4471949892183134
796  1.4760967785079033
797  1.5033241085745537
798  1.5290566927506748
799  1.553358641324153
800  1.5761901152414943
801  1.5974185138297472
802  1.6168290830641596
803  1.634134949714653
804  1.6489866169720964
805  1.6609809410660752
806  1.6696695717619998
807  1.6745667992753535
808  1.6751567190070566
809  1.6708996167663965
810  1.6612375082614965
811  1.6455988640638881
812  1.6234027562026054
813  1.5940630372365059
814  1.5569937941669534
815  1.5116183131727339
816  1.4573852348025096
817  1.3937974449397619
818  1.320461182878526
819  1.2371638435583197
820  1.1439870041266929
821  1.0414534714100008
822  0.9306914432818901
823  0.8135770473114986
824  0.6927979575420325
825  0.5717811043848751
826  0.45445827374347125
827  0.3448975276409319
828  0.2468777530686075
829  0.163498493941754
830  0.09689210797029002
831  0.04806333299770167
832  0.016849582000116395
833  0.001982897421864442
834  0.0012340813315374123
835  0.011621492813675674
836  0.029667250900198946
837  0.051682331417291984
838  0.074060667898616
839  0.09356179260641037
840  0.10756223329074054
841  0.11425792504201825
842  0.11280322999079995
843  0.10337660471614078
844  0.08716814718677636
845  0.06628986483499799
846  0.043615012762287894
847  0.02255789741223722
848  0.006809683772096338
849  4.8730494841117466e-05
850  0.0056456168858692955
851  0.026383267842952297
852  0.06421155363445992
853  0.12005379209493551
854  0.19368050617545093
855  0.2836649893972022
856  0.38743689115142416
857  0.5014522606791706
858  0.6214924968521647
859  0.7430779964002086
860  0.8619347689702962
861  0.9744101041544964
862  1.0777346838709185
863  1.1700841116232001
864  1.250469193780418
865  1.3185331736988082
866  1.3743356829165367
867  1.4181734167224553
868  1.4504538852704454
869  1.4716170296692583
870  1.4820914401519647
871  1.482272142061073
872  1.4725103142392888
873  1.4531090469878272
874  1.424322365144959
875  1.3863572052774582
876  1.3393801123750444
877  1.2835323389148534
878  1.2189587677697118
879  1.14585716786092
880  1.064553603114183
881  0.9756055900344377
882  0.8799251372949064
883  0.7788992815662339
884  0.6744706442450776
885  0.5691342857953936
886  0.46581960550002893
887  0.3676587038249828
888  0.2776821194947694
889  0.1985077130918814
890  0.1320851016167653
891  0.07953247716265399
892  0.04107335652326513
893  0.016062255463620275
894  0.003082042769064751
895  9.596724429387655e-05
896  0.004638578689770994
897  0.014030088050502213
898  0.025598434077530444
899  0.03689327398809113
900  0.04587682580408502
901  0.05107818417468068
902  0.051700371537663006
903  0.04767285083100076
904  0.03964620840865181
905  0.028929953161891463
906  0.017378495317956162
907  0.007234064792097445
908  0.0009383278946587442
909  0.000926569730929972
910  0.009419397267369496
911  0.02822696888765622
912  0.058579796356133626
913  0.10099832586772632
914  0.15521097030346953
915  0.22012727313274974
916  0.2938696860840606
917  0.3738641027438411
918  0.4569854974916718
919  0.5397501789651549
920  0.6185399855446548
921  0.6898374182780854
922  0.7504470266112464
923  0.7976803893999617
924  0.8294902748341317
925  0.8445511595495757
926  0.8422933160008286
927  0.8229024576858404
928  0.7872955414302449
929  0.7370775822352305
930  0.6744773753177151
931  0.6022550823350596
932  0.5235742144597505
933  0.44183554219695
934  0.36047949863711604
935  0.28277313231259926
936  0.2116035673223462
937  0.14930000649672057
938  0.09750144762208282
939  0.057080280139674006
940  0.028125391498885717
941  0.009983376361182803
942  0.0013526847082568844
943  0.00042251291281636763
944  0.005045647494311731
945  0.012932375251216828
946  0.02185116219469149
947  0.029821277426886044
948  0.03528301839258447
949  0.0372327077243225
950  0.03531212170599374
951  0.029845319115922295
952  0.02181972598444003
953  0.012812497543430312
954  0.004867281974752518
955  0.0003302180231413803
956  0.0016570191670391861
957  0.011205122820342401
958  0.031025983380307872
959  0.06267268076376012
960  0.10703723375799093
961  0.16423067210439102
962  0.23351747320902835
963  0.31331466267546493
964  0.4012640359075391
965  0.4943811735807926
966  0.5892739532572718
967  0.6824058723870479
968  0.7703620427755793
969  0.8500697475903686
970  0.9189382779026709
971  0.9749097501147889
972  1.0164396735329104
973  1.0424408841979633
974  1.0522243624316656
975  1.0454611962156808
976  1.0221783491941843
977  0.982790802904826
978  0.9281638386451223
979  0.8596902744758967
980  0.7793578506741925
981  0.6897748278218184
982  0.59412233896076
983  0.49601502126781777
984  0.39927558199270563
985  0.30765481713539194
986  0.22454354884245742
987  0.15272050777222096
988  0.09416496684696822
989  0.04994566242100004
990  0.020185855869496047
991  0.004098999631893416
992  8.731529944086745e-05
993  0.005893885226581098
994  0.01879679952977911
995  0.03583174821025821
996  0.0540277499858306
997  0.07063983920215679
998  0.08336266546938621
999  0.09051017398830792
1000  0.09114875259801034
1001  0.08517435696413053
1002  0.07332792820458223
1003  0.05714765811757491
1004  0.038861027421840895
1005  0.021223727082408328
1006  0.007316240495520525
1007  0.0003117963982481847
1008  0.0032313319964614767
1009  0.01870197466792653
1010  0.04873533761257201
1011  0.09454083942335759
1012  0.15638783412749288
1013  0.23352973058233598
1014  0.3242049963999841
1015  0.42573409771676557
1016  0.5347327595481861
1017  0.6474480760728506
1018  0.7601853773189129
1019  0.8697420080811413
1020  0.9737362898672193
1021  1.0707475589215625
1022  1.1602567892075195
1023  1.2424491115318266
1024  1.317967917094584
1025  1.387692319857779
1026  1.4525721720792864
1027  1.513523551334212
1028  1.57137204202908
1029  1.6268279527258551
1030  1.680480386326792
1031  1.7328012689187273
1032  1.7841540288687632
1033  1.8348041188732036
1034  1.884930124949668
1035  1.9346350785918744
1036  1.9839580141302078
1037  2.0328859552799714
1038  2.0813664806567815
1039  2.12932088311441
1040  2.1766577613959393
1041  2.096270624996024
1042  2.0523047258953073
1043  2.008751653870598
1044  1.9656067371403378
1045  1.922848733331668
1046  1.880433817282296
1047  1.8382909312469395
1048  1.7963181424564238
1049  1.7543796053124192
1050  1.7123027287064794
1051  1.6698752018279335
1052  1.6268416321369168
1053  1.5828996993486106
1054  1.5376959418490068
1055  1.4908215943175365
1056  1.4418093326843775
1057  1.390132416502698
1058  1.335208614476797
1059  1.276412486349186
1060  1.2131009816466796
1061  1.144658530207677
1062  1.0705679703425746
1063  0.9905112770223912
1064  0.9044972498506267
1065  0.8130010984464747
1066  0.7170853050423255
1067  0.6184592258050708
1068  0.5194368501080571
1069  0.4227745138762607
1070  0.3314078091091201
1071  0.2481410962604376
1072  0.17535497790645038
1073  0.11478228997537486
1074  0.06737483240661848
1075  0.03325900759113864
1076  0.011766992459102517
1077  0.0015282348459913586
1078  0.0006075083872425268
1079  0.0066767708755724
1080  0.017207955034306242
1081  0.029673300143260643
1082  0.04173961957530177
1083  0.051443403344420734
1084  0.05733498439995444
1085  0.058582138623381214
1086  0.0550262900033205
1087  0.047187768200403615
1088  0.03622008308658809
1089  0.02381666918875509
1090  0.012076797398754845
1091  0.003340088937325757
1092  1.1592515982091526e-06
1093  0.0043172085637263585
1094  0.01822180315283747
1095  0.043157659317001364
1096  0.07994000878159038
1097  0.12866024991472644
1098  0.18863732506901715
1099  0.2584219196333975
1100  0.33585638379809046
1101  0.41819086781597403
1102  0.5022524093247508
1103  0.5846569352656726
1104  0.6620443467036631
1105  0.7313074121796712
1106  0.7897820974428882
1107  0.8353746812569041
1108  0.8666176153176172
1109  0.8826643311341438
1110  0.8832452076926962
1111  0.8686094368470185
1112  0.8394720315446262
1113  0.7969757736993619
1114  0.7426676740113612
1115  0.6784805724801221
1116  0.6067043062758714
1117  0.5299291308904004
1118  0.4509485496735809
1119  0.37261931243179824
1120  0.2976899621645635
1121  0.22862043147796968
1122  0.16741896064657436
1123  0.11551832338332704
1124  0.07370420617557089
1125  0.042099322868917044
1126  0.020200169046035853
1127  0.006959494585750604
1128  0.0009054708610341145
1129  0.0002871763190211062
1130  0.003235020162578453
1131  0.00792413981853537
1132  0.012728819682050092
1133  0.016356720529805406
1134  0.01795321115366633
1135  0.01716830216924934
1136  0.014181442365342058
1137  0.009682554462141883
1138  0.004810922424384387
1139  0.0010566359150454819
1140  0.0001320204231713949
1141  0.003822636451253776
1142  0.013828865664924302
1143  0.0316097495764896
1144  0.05824058541561791
1145  0.09429487712551615
1146  0.13975970215103561
1147  0.1939915308081093
1148  0.25571718638384944
1149  0.32308193156118786
1150  0.3937434581198347
1151  0.46500644884876874
1152  0.5339874198205816
1153  0.5977945712859122
1154  0.6537043626880212
1155  0.6993173547733483
1156  0.732681141906168
1157  0.7523760658036065
1158  0.7575667479060262
1159  0.7480265138300127
1160  0.7241414945573909
1161  0.6868974848110696
1162  0.6378476458325756
1163  0.5790552527982914
1164  0.5130049334945597
1165  0.442479152946935
1166  0.37040341330563686
1167  0.299671223920007
1168  0.2329654818220897
1169  0.17259434362818118
1170  0.12035715505545322
1171  0.07745113276448796
1172  0.04442441685265289
1173  0.02117685080775455
1174  0.007006545854497494
1175  0.000697597206015132
1176  0.0006419797563011508
1177  0.004986622965631096
1178  0.011795088322482106
1179  0.0192123052041432
1180  0.02562057804814551
1181  0.02977562601432775
1182  0.030912740326097896
1183  0.02881518609539063
1184  0.023839601982229314
1185  0.016896182599992357
1186  0.009384642945820055
1187  0.003090131356209917
1188  4.613411135940296e-05
1189  0.0023737791918783837
1190  0.012108654064039565
1191  0.031027187260151988
1192  0.060484803730938445
1193  0.10127756305591787
1194  0.1535380672043218
1195  0.2166755194097921
1196  0.2893691949608248
1197  0.36962383338909444
1198  0.4548925096775317
1199  0.542264151195279
1200  0.6286974380500359
1201  0.7112648651885355
1202  0.7873607512545718
1203  0.8548343036064877
1204  0.9120325523639867
1205  0.9577658314301678
1206  0.9912269254998007
1207  1.0118982164667718
1208  1.019473301235968
1209  1.0138083302521017
1210  0.9949092318115507
1211  0.9629553377757986
1212  0.9183560936629946
1213  0.8618330472601514
1214  0.7945125590041846
1215  0.7180062452723734
1216  0.6344497555997249
1217  0.5464715062604475
1218  0.45707581404236475
1219  0.36944752295832123
1220  0.28670849420081157
1221  0.21166888404936327
1222  0.14661270038577157
1223  0.09314243965098339
1224  0.05209156156879485
1225  0.02350290171215654
1226  0.006666496879687332
1227  0.00020885352701751405
1228  0.002224783591180335
1229  0.010441700996792492
1230  0.022404864770264588
1231  0.035670953731575
1232  0.04799688175671546
1233  0.05751109260308034
1234  0.06285572193111844
1235  0.06328995350557641
1236  0.058747483886593274
1237  0.04984409770171917
1238  0.03783471000381117
1239  0.02452265232199651
1240  0.012127207430657014
1241  0.0031182222624004143
1242  2.8849937493302686e-05
1243  0.005258945493705339
1244  0.02088227773260766
1245  0.04847051712593464
1246  0.08894601361464004
1247  0.14247398260167296
1248  0.20840338717550688
1249  0.2852652111987551
1250  0.3708371597798546
1251  0.46228325108091123
1252  0.5563705823968692
1253  0.6497489526354531
1254  0.7392539737211985
1255  0.8221741827414327
1256  0.8964244220914986
1257  0.960596102547911
1258  1.0138954102349684
1259  1.05601048784961
1260  1.086955771783685
1261  1.1069300462557692
1262  1.1162067608845643
1263  1.1150607435230742
1264  1.1037280564949512
1265  1.0823941659514604
1266  1.0512071497616209
1267  1.0103150015672684
1268  0.9599274283905334
1269  0.9004014349178661
1270  0.8323452913066564
1271  0.7567270252787094
1272  0.6749634166934054
1273  0.5889586369781588
1274  0.5010646452383978
1275  0.4139519568355794
1276  0.3304050116079478
1277  0.2530798387691396
1278  0.18427056391155577
1279  0.12572287894382653
1280  0.07851424800852926
1281  0.0430036819500142
1282  0.01884424266759933
1283  0.005048350309400293
1284  9.57118385334504e-05
1285  0.002073701657991013
1286  0.0088395349592863
1287  0.01819289793098847
1288  0.028047304902265147
1289  0.03658865014983119
1290  0.04241032427203982
1291  0.04461587906607006
1292  0.04288244197290093
1293  0.03748075529926315
1294  0.02925068191440111
1295  0.01953403650036924
1296  0.010069489483672445
1297  0.002856842335451251
1298  1.752780091719143e-08
1299  0.0035395137568917296
1300  0.015285768186326482
1301  0.03666480686240517
1302  0.06858679190971632
1303  0.11134668803609886
1304  0.16456447548159295
1305  0.22717038423218655
1306  0.2974387356706227
1307  0.37307205424681567
1308  0.4513342789192199
1309  0.5292268121549931
1310  0.6036930296338574
1311  0.671827709311373
1312  0.731062341820343
1313  0.7793004200723325
1314  0.8149892134361554
1315  0.8371312516953471
1316  0.8452524358847628
1317  0.8393495067597245
1318  0.8198373274459848
1319  0.7875090929528499
1320  0.743513393501333
1321  0.6893433716114481
1322  0.6268261212775202
1323  0.5580965119613581
1324  0.4855401864127
1325  0.4116968035203915
1326  0.33912571296295313
1327  0.2702482203213589
1328  0.2071886161683279
1329  0.15163693872009093
1330  0.10475075764667816
1331  0.06710473706524189
1332  0.038689045027577244
1333  0.018952612937038038
1334  0.006884452664159256
1335  0.001124709790403808
1336  9.612278929310975e-05
1337  0.0021458429123827694
1338  0.005687240852222266
1339  0.009331528071331413
1340  0.011999841818627066
1341  0.013007894280371739
1342  0.012117286245394066
1343  0.009550010760600407
1344  0.005965345781803921
1345  0.0024010483067651357
1346  0.000183327529934092
1347  0.0008122942433852269
1348  0.005831305918557054
1349  0.016689741017402105
1350  0.03460918213313312
1351  0.06046275789230914
1352  0.09467653426233572
1353  0.13716045043207717
1354  0.187274483140879
1355  0.24383362229617997
1356  0.30515285787877133
1357  0.36913066921459764
1358  0.43336624820330427
1359  0.49530193074043155
1360  0.5523786149494775
1361  0.6021896199499565
1362  0.6426187155290295
1363  0.6719515622751008
1364  0.6889554523284677
1365  0.6929279620466606
1366  0.6837188065665838
1367  0.6617298005538098
1368  0.6278958013575705
1369  0.5836462881620981
1370  0.5308446682686087
1371  0.47170198546785297
1372  0.40866421541784304
1373  0.34427706124018226
1374  0.2810374716692244
1375  0.22124498148125604
1376  0.1668669264099139
1377  0.11942972461407543
1378  0.07994479993504405
1379  0.048873711061636904
1380  0.026133505657053187
1381  0.011140419984095772
1382  0.0028876728357984886
1383  5.108785718199869e-05
1384  0.0011146176493987568
1385  0.004506611937691431
1386  0.008736983023877267
1387  0.012525360478965323
1388  0.01491093263780796
1389  0.015335926813534895
1390  0.0136965118369037
1391  0.010357202971269902
1392  0.006127442733487022
1393  0.002201742874358419
1394  6.738966878264591e-05
1395  0.0013860588885043627
1396  0.007857575432127121
1397  0.02107536764737267
1398  0.04238383371498098
1399  0.07274786085752258
1400  0.1126441887638456
1401  0.161983365833754
1402  0.22006991251634478
1403  0.28560699662342537
1404  0.35675009718846706
1405  0.43121059917353
1406  0.5064038266562872
1407  0.5796267021734057
1408  0.6482409966311519
1409  0.7098341635015566
1410  0.7623349790476491
1411  0.8040746119731792
1412  0.8337994290361485
1413  0.8506531734824915
1414  0.8541495734051946
1415  0.844152994135207
1416  0.8208773572672357
1417  0.7849050147057914
1418  0.737218786368874
1419  0.6792329425413381
1420  0.6128038742560051
1421  0.5402008031118194
1422  0.46402318383452473
1423  0.3870640232935259
1424  0.31213310214169004
1425  0.2418649128460461
1426  0.17853867370429458
1427  0.1239322242640499
1428  0.07922238865736751
1429  0.04493598343797642
1430  0.02095031851828822
1431  0.006539162571700283
1432  0.00045845935523529076
1433  0.0010645997380708669
1434  0.006456609268793092
1435  0.014632372214591727
1436  0.02364822044856539
1437  0.031771037812240284
1438  0.03761253763231477
1439  0.04023655776249869
1440  0.03923201906319134
1441  0.034746496524452955
1442  0.0274780018824715
1443  0.018625402964521757
1444  0.00980070076803391
1445  0.002908979862195555
1446  4.036425058100519e-06
1447  0.0031293477934698755
1448  0.014155055638087539
1449  0.03462194145423517
1450  0.065603002052452
1451  0.107592286418561
1452  0.16042938250649644
1453  0.2232666858590208
1454  0.29458569326704204
1455  0.37226773725238727
1456  0.4537222933552085
1457  0.5360695309013245
1458  0.6163614570081829
1459  0.6918108701415114
1460  0.7599878073626749
1461  0.8189477448070174
1462  0.86727508010057
1463  0.904050487911915
1464  0.9287690101492567
1465  0.941241245159244
1466  0.9415043518326154
1467  0.9297594370326334
1468  0.9063425645087484
1469  0.8717300822933601
1470  0.8265743541623224
1471  0.771761455670688
1472  0.7084768083258274
1473  0.638258787192189
1474  0.5630168889360089
1475  0.4849941203508461
1476  0.4066647086563233
1477  0.33057593506893296
1478  0.2591593406016989
1479  0.19454428601239335
1480  0.13840305212243031
1481  0.09184522707786487
1482  0.05536699030518547
1483  0.028852611060412
1484  0.01162165262404815
1485  0.0025140716132636466
1486  4.821768815435267e-06
1487  0.0023389486511034524
1488  0.007677516225944985
1489  0.014244317319866289
1490  0.020463409959321183
1491  0.025078217946781934
1492  0.0272442214810963
1493  0.026589093793910966
1494  0.023236384190760587
1495  0.017791346936585233
1496  0.01129010568688683
1497  0.005115839389576094
1498  0.0008879007496479645
1499  0.00033160116882651554
1500  0.005137679487158432
1501  0.01682115399290135
1502  0.03658929833323397
1503  0.06522789791660705
1504  0.10301380568393259
1505  0.14966024878387701
1506  0.2042995005480475
1507  0.26550558025842114
1508  0.3313575834162838
1509  0.39954181096062746
1510  0.46748751783778886
1511  0.5325265403447828
1512  0.5920619434684306
1513  0.6437272685012235
1514  0.6855184240956944
1515  0.715885794563631
1516  0.7337833398757609
1517  0.7386804599031669
1518  0.7305481228493386
1519  0.7098313769562028
1520  0.6774167885029101
1521  0.6345974837406456
1522  0.5830325315122125
1523  0.524693474608914
1524  0.46179026090266523
1525  0.3966722939474917
1526  0.33170681574278216
1527  0.2691440918123743
1528  0.2109839766719257
1529  0.15885947693460442
1530  0.1139500608866662
1531  0.07693235865754265
1532  0.047970730076124304
1533  0.026746090284816823
1534  0.012518594417695
1535  0.004217906084586214
1536  0.0005534441913125695
1537  0.00013607298802391295
1538  0.0016021933060981091
1539  0.003731192345707225
1540  0.005547778306279282
1541  0.006401860447380204
1542  0.006020284145286408
1543  0.0045267891095777816
1544  0.0024288738742601983
1545  0.0005726607661069589
1546  6.917406727400681e-05
1547  0.00219750515859325
1548  0.008291994458793965
1549  0.01962169924432445
1550  0.037270972369152215
1551  0.06202993275694946
1552  0.09430298468499379
1553  0.13404242285358992
1554  0.1807126243168958
1555  0.23328848085340234
1556  0.2902895940315155
1557  0.3498492888892472
1558  0.4098145591056239
1559  0.4678698005180428
1560  0.5216739710496227
1561  0.5689987537683693
1562  0.6078553809275501
1563  0.6366004102997083
1564  0.6540152166993329
1565  0.6593586592458108
1566  0.6523955136877476
1567  0.6334040064031359
1568  0.6031643532573029
1569  0.5629277574449257
1570  0.514363396500294
1571  0.4594808295089128
1572  0.40052751874845427
1573  0.3398652757177835
1574  0.27983394635187214
1575  0.22261394876669927
1576  0.17010011290807142
1577  0.12379776977112401
1578  0.08474905794266942
1579  0.05349403664697392
1580  0.030068087364251966
1581  0.014034513881703115
1582  0.004549033577333013
1583  0.0004509653072591251
1584  0.00037430926805414146
1585  0.002870687448662786
1586  0.006535355631217538
1587  0.010127295543311222
1588  0.012674789724846668
1589  0.013558859499202318
1590  0.012568460977079346
1591  0.009923288084920845
1592  0.006262293073818873
1593  0.0025984469655538065
1594  0.00024265026282548662
1595  0.0007018998820487074
1596  0.0055586556519625465
1597  0.01633971417118321
1598  0.034383698155035614
1599  0.06071648060013326
1600  0.09594352818484378
1601  0.14016738864268746
1602  0.19293751458175262
1603  0.2532384987569931
1604  0.319521405026162
1605  0.38978058201444676
1606  0.46167395018745383
1607  0.5326775728963835
1608  0.6002565525936514
1609  0.6620277740409344
1610  0.7158902099991702
1611  0.7601072029167716
1612  0.7933390289920131
1613  0.8146371932414066
1614  0.823419158294047
1615  0.819442275072595
1616  0.8027904894405768
1617  0.7738797107876397
1618  0.7334795230556945
1619  0.6827413286212314
1620  0.623217057651966
1621  0.5568500726789025
1622  0.4859227942796248
1623  0.4129545689545112
1624  0.3405562369591034
1625  0.27125980481689965
1626  0.20734760143589234
1627  0.15070353216120755
1628  0.10270189785777087
1629  0.06414100454762024
1630  0.035222537956012136
1631  0.015574074912348853
1632  0.004310128779665253
1633  0.00012575474037415676
1634  0.0014154579736949267
1635  0.006408961420518928
1636  0.013314507735883996
1637  0.020459969156119327
1638  0.026422225538894412
1639  0.030136073214092365
1640  0.03097530031058234
1641  0.028800441095420327
1642  0.0239699587829873
1643  0.01731406872599183
1644  0.010072934695895855
1645  0.0038033680829308463
1646  0.0002602899530824714
1647  0.001260915959219994
1648  0.008540799603551351
1649  0.02361143867142787
1650  0.04762909263135356
1651  0.08128381187855907
1652  0.1247165617382501
1653  0.1774709164476656
1654  0.23848435454573402
1655  0.3061228288925271
1656  0.37826070750167307
1657  0.4524052914192484
1658  0.5258595585157294
1659  0.5959082150791738
1660  0.6600032909353075
1661  0.715921392833612
1662  0.7618696942312667
1663  0.7965312071780294
1664  0.8190561496773868
1665  0.8290181848236152
1666  0.8263581886581469
1667  0.8113348606344941
1668  0.7844939658822336
1669  0.7466595241718679
1670  0.698942362152726
1671  0.6427546940475938
1672  0.5798147501095869
1673  0.5121244529207538
1674  0.44190742116277637
1675  0.371504244974564
1676  0.3032342832723378
1677  0.23924334827490132
1678  0.18136037799362403
1679  0.13098271869912761
1680  0.08900189775106218
1681  0.05577374616767789
1682  0.03113101269108623
1683  0.014433495983864448
1684  0.004649166840763157
1685  0.000458846036416338
1686  0.0003762790532433612
1687  0.002874921539292928
1688  0.006512562640142226
1689  0.010045205068155318
1690  0.012522438577168697
1691  0.013357873351284797
1692  0.012369965552186
1693  0.009790647663375614
1694  0.0062414265331198855
1695  0.0026788731977458718
1696  0.0003135413030890357
1697  0.0005081696473692439
1698  0.004662429417597583
1699  0.014092376103915618
1700  0.029913114293204732
1701  0.052932967477520805
1702  0.08356669296836063
1703  0.12177407416836362
1704  0.16702863967745535
1705  0.2183194511364265
1706  0.2741869238339948
1707  0.33279149719397466
1708  0.39201162955540103
1709  0.4495648475279314
1710  0.5031427593622141
1711  0.5505485213340363
1712  0.5898244405265798
1713  0.619358846005329
1714  0.637965144754303
1715  0.6449308753094071
1716  0.6400388538802383
1717  0.623564775822824
1718  0.596255539103209
1719  0.5592906630271908
1720  0.5142268831040728
1721  0.4629246955833235
1722  0.4074562431578334
1723  0.3499964640741416
1724  0.2927031826791461
1725  0.23759516454562027
1726  0.18643891228363263
1727  0.1406544797064412
1728  0.10124828879810588
1729  0.06877774330955608
1730  0.043349209808524455
1731  0.02464817829580287
1732  0.011998200453930373
1733  0.004443421533254083
1734  0.0008481349974637103
1735  5.800890389149359e-06
1736  0.0007494347701593383
1737  0.002055251676539132
1738  0.0031319705535157037
1739  0.00348923260464701
1740  0.002980101417062449
1741  0.0018144982989337125
1742  0.0005425409417876206
1743  8.950878941001838e-06
1744  0.0012818072647156763
1745  0.005560797754263239
1746  0.014071618623704417
1747  0.027954203063908122
1748  0.048152949596042195
1749  0.07531707158504793
1750  0.10971861353306353
1751  0.15119466385286195
1752  0.1991189052433798
1753  0.25240594566539637
1754  0.3095498169706752
1755  0.3686954794446725
1756  0.4277390190117128
1757  0.4844486759221172
1758  0.5365956488747085
1759  0.58208205714211
1760  0.619054504960995
1761  0.6459954219417865
1762  0.6617894166795336
1763  0.6657664778821895
1764  0.6577260530319973
1765  0.6379456758150949
1766  0.6071751731959726
1767  0.5666143172257395
1768  0.5178695737107907
1769  0.462885650508177
1770  0.4038504429105592
1771  0.3430767317011815
1772  0.28286916720410366
1773  0.22538858377862991
1774  0.17252646722420562
1775  0.12580067409447385
1776  0.08628026823650005
1777  0.05454392377417614
1778  0.030673371258300997
1779  0.014280946700534805
1780  0.004568293885893467
1781  0.0004114921785552963
1782  0.00046635279455882017
1783  0.0032864075574849955
1784  0.00744532861090569
1785  0.011655239129434792
1786  0.014872650430676797
1787  0.016384586356045137
1788  0.015868788621844453
1789  0.013423651930832094
1790  0.009565604333752298
1791  0.005193882666340839
1792  0.0015249036845631503
1793  5.38946643932273e-07
1794  0.0021764233558988636
1795  0.009597828385354732
1796  0.023671533506903753
1797  0.045542473045882804
1798  0.0759837388397092
1799  0.11530785294601734
1800  0.1633062322422918
1801  0.219222640702411
1802  0.28176526222794435
1803  0.34916057891381874
1804  0.41924962992123077
1805  0.4896224004369861
1806  0.5577785835264066
1807  0.6212948576273252
1808  0.6779741802213396
1809  0.7259554512164748
1810  0.7637724968656214
1811  0.7903653601857294
1812  0.805058484281642
1813  0.8075252535129437
1814  0.7977565739670579
1815  0.7760449815878541
1816  0.7429878550277313
1817  0.6995054125128041
1818  0.6468622302035294
1819  0.5866762631289584
1820  0.5208984234514851
1821  0.4517502596672137
1822  0.3816171659241358
1823  0.31290668322892173
1824  0.24789118764256715
1825  0.18855762365971138
1826  0.1364834145562283
1827  0.09275035096464747
1828  0.057900863616575315
1829  0.03193595381021163
1830  0.014351197107629558
1831  0.004205711226223332
1832  0.00021784989337884933
1833  0.0008803691813248806
1834  0.004586939013474836
1835  0.009761326270894023
1836  0.014980500953612964
1837  0.019083376816093327
1838  0.021257896514264282
1839  0.021100658248365406
1840  0.018645144764112814
1841  0.014356754120599289
1842  0.009095076035539428
1843  0.004046073336734957
1844  0.0006288551633360357
1845  0.0003834365478480655
1846  0.004847155541532496
1847  0.015428183586578208
1848  0.03328477233694147
1849  0.05921853353984896
1850  0.09358919116075533
1851  0.1362569636091022
1852  0.18655717880319386
1853  0.24331003022687298
1854  0.3048665999685505
1855  0.36919029562857697
1856  0.43397021450652257
1857  0.49675925833822354
1858  0.5551253594542913
1859  0.6068002428474867
1860  0.6498090342988461
1861  0.6825673045516265
1862  0.703939360642106
1863  0.7132601897558509
1864  0.7103299894910114
1865  0.6953926272723916
1866  0.6691074181987889
1867  0.6325187757228677
1868  0.587022672184788
1869  0.5343242543370741
1870  0.476379293523945
1871  0.4153138706960381
1872  0.3533218415308429
1873  0.2925461629723481
1874  0.2349557660169811
1875  0.1822320424494968
1876  0.13567764254705614
1877  0.09615632187650222
1878  0.06406783251299893
1879  0.03935780882849348
1880  0.02155971283393635
1881  0.009863969745059473
1882  0.0032080952010765927
1883  0.0003806555807054138
1884  0.00013129592088231243
1885  0.0012788648149618977
1886  0.002809931888681548
1887  0.003960753816078004
1888  0.004276972712516768
1889  0.0036469508864204955
1890  0.0023065551276256198
1891  0.0008152542065602398
1892  5.4487109788637015e-06
1893  0.0009088555222596229
1894  0.004665389442825125
1895  0.012421211242290144
1896  0.025223364977600863
1897  0.04391866694871329
1898  0.06906423672523514
1899  0.10085629459755767
1900  0.1390826790194299
1901  0.18310302786992919
1902  0.2318588161425219
1903  0.2839135029022946
1904  0.3375209493747219
1905  0.3907180057547261
1906  0.44143489017997656
1907  0.4876149347166838
1908  0.5273340850572246
1909  0.5589106686567185
1910  0.5809976626837501
1911  0.5926524644707357
1912  0.5933822278528157
1913  0.5831650706855996
1914  0.562448429236488
1915  0.5321256465181242
1916  0.49349123267513595
1917  0.4481750311549761
1918  0.3980563565422102
1919  0.3451612357708732
1920  0.29154846628218484
1921  0.23919255997180708
1922  0.18987278944003222
1923  0.14507725385572626
1924  0.10592928364232913
1925  0.07314120815077617
1926  0.046998051215718976
1927  0.02737138385385155
1928  0.013761506110288252
1929  0.005364294146791351
1930  0.0011575073219363078
1931  1.251165954152196e-07
1932  0.0007374475000721963
1933  0.0023043269097907364
1934  0.0038190372875348258
1935  0.004660934140891387
1936  0.004526188379107165
1937  0.0034574170831190632
1938  0.0018448799717130943
1939  0.00039893636166979813
1940  9.551506926311846e-05
1941  0.002098293968821916
1942  0.007662971399418488
1943  0.01803032612443281
1944  0.03431561662471882
1945  0.05740221938203768
1946  0.0878472538583578
1947  0.12580633909824307
1948  0.1709836588440428
1949  0.22261225914859015
1950  0.279467987121786
1951  0.3399184845402891
1952  0.40200585275381184
1953  0.46355768383873275
1954  0.5223165323594838
1955  0.576073971821928
1956  0.622794040742733
1957  0.6607136656763651
1958  0.6884138913489241
1959  0.704863161046522
1960  0.7094395358529201
1961  0.7019406759953037
1962  0.6825883698184277
1963  0.652029818237164
1964  0.6113323218027745
1965  0.5619637683784826
1966  0.5057498446488918
1967  0.4448012473964772
1968  0.3814100195853286
1969  0.3179215623083003
1970  0.2565949873855301
1971  0.19946722257990546
1972  0.14823496684693654
1973  0.10416472682850689
1974  0.06803668055038593
1975  0.0401243722161684
1976  0.020209547715159096
1977  0.007629475127024763
1978  0.001352478494842604
1979  7.595648835562351e-05
1980  0.0023399311122219682
1981  0.0066482741969810305
1982  0.011589315329060636
1983  0.015947607778754765
1984  0.018799231670752804
1985  0.0195841249441171
1986  0.018150478312952016
1987  0.014768111461895198
1988  0.01010984268418936
1989  0.00520202978891323
1990  0.001347548722403617
1991  2.634938142274675e-05
1992  0.0027802599912791453
1993  0.011089792598242278
1994  0.026251277209096733
1995  0.04926268014897497
1996  0.0807259770538947
1997  0.12077301420926011
1998  0.16902055590855086
1999  0.22455882531193685
