1.3413654
1.3413654
1.3413654
1.342053
1.342053
1.344187
1.344187
1.3480324
1.3480324
1.3541157
1.3541157
1.3631649
1.3631649
1.3760802
1.3760802
1.3938615
1.3938615
1.4175116
1.4175116
1.4479244
1.4479244
1.4857249
1.4857249
1.5310998
1.5310998
1.5836969
1.5836969
1.6425986
1.6425986
1.7064352
1.7064352
1.7735254
1.7735254
1.8420572
1.8420572
1.9102098
1.9102098
1.9762513
1.9762513
2.0386183
2.0386183
2.0959525
2.0959525
2.1471307
2.1471307
2.1912774
2.1912774
2.2277628
2.2277628
2.2562022
2.2562022
2.2764399
2.2764399
2.2885424
2.2885424
2.2927837
2.2927837
2.2896338
2.2896338
2.2797433
2.2797433
2.2639276
2.2639276
2.2431448
2.2431448
2.2184733
2.2184733
2.191083
2.191083
2.1621943
2.1621943
2.1330398
2.1330398
2.1048191
2.1048191
2.0786541
2.0786541
2.055546
2.055546
2.0363417
2.0363417
2.0217108
2.0217108
2.0121384
2.0121384
2.0079213
2.0079213
2.0091912
2.0091912
2.0159321
2.0159321
2.0280238
2.0280238
2.0452638
2.0452638
2.0674077
2.0674077
2.0941809
2.0941809
2.1252934
2.1252934
2.1604338
2.1604338
2.1992673
2.1992673
2.2414177
2.2414177
2.2864598
2.2864598
2.3339068
2.3339068
2.3832049
2.3832049
2.4337324
2.4337324
2.484799
2.484799
2.5356563
2.5855116
2.6335424
2.6789153
2.7208046
2.7584049
2.7909441
2.817695
2.8379787
2.851165
2.8566786
2.8539932
2.8426328
2.8221712
2.7922336
2.752498
2.7027048
2.6426642
2.5722744
2.4915403
2.4915403
2.4006053
2.4006053
2.2997858
2.2997858
2.1896177
2.1896177
2.0709177
2.0709177
1.9448472
1.9448472
1.8129936
1.8129936
1.6774409
1.6774409
1.5408214
1.5408214
1.4062458
1.4062458
1.2769517
1.2769517
1.1555875
1.1555875
1.0437142
1.0437142
0.94280935
0.94280935
0.85659506
0.85659506
0.99231805
0.99231805
0.99231805
1.0797871
1.0797871
1.1725982
1.1725982
1.2708977
1.2708977
1.3749216
1.3749216
1.4837672
1.4837672
1.5953672
1.5953672
1.7071266
1.7071266
1.8164715
1.8164715
1.9211343
1.9211343
2.0192234
2.0192234
2.1092249
2.1092249
2.1899626
2.1899626
2.2605481
2.2605481
2.3203387
2.3203387
2.3688897
2.3688897
2.4059204
2.4059204
2.4312863
2.4312863
2.4449575
2.4449575
2.4470026
2.4470026
2.4375895
2.4375895
2.4169797
2.4169797
2.3855358
2.3855358
2.3437327
2.3437327
2.2921724
2.2921724
2.2316041
2.2316041
2.1629402
2.1629402
2.0872755
2.0872755
2.0059026
2.0059026
1.9203094
1.9203094
1.8321755
1.8321755
1.7433373
1.7433373
1.6557369
1.6557369
1.5713191
1.5713191
1.4918849
1.4918849
1.418846
1.418846
1.3529562
1.3529562
1.2941326
1.2941326
1.2414984
1.2414984
1.1936385
1.1936385
1.1489444
1.1489444
1.1058943
1.1058943
1.0632289
1.0632289
1.0200374
1.0200374
1.0995333
1.0995333
1.0995333
1.1362237
1.1362237
1.1722906
1.1722906
1.2089596
1.2089596
1.2475845
1.2475845
1.2895623
1.2895623
1.3361981
1.3361981
1.3885099
1.3885099
1.4470149
1.4470149
1.5115949
1.5115949
1.5814733
1.5814733
1.6553399
1.6553399
1.7315519
1.7315519
1.8083319
1.8083319
1.8839201
1.8839201
1.9566592
1.9566592
2.0250547
2.0250547
2.0878038
2.0878038
2.1437999
2.1437999
2.19214
2.19214
2.2321132
2.2321132
2.2631875
2.2631875
2.2850012
2.2850012
2.2973506
2.2973506
2.3001793
2.3001793
2.293576
2.293576
2.2777718
2.2777718
2.2531394
2.2531394
2.2201967
2.2201967
2.1796134
2.1796134
2.1322109
2.1322109
2.0789651
2.0789651
2.0210064
2.0210064
1.9596022
1.9596022
1.8961403
1.8961403
1.8320929
1.8320929
1.7689796
1.7689796
1.7083018
1.7083018
1.6514812
1.6514812
1.5997752
1.5997752
1.5541942
1.5541942
1.5154148
1.5154148
1.4837512
1.4837512
1.4591672
1.4591672
1.4413751
1.4413751
1.4299558
1.4299558
1.4244726
1.4244726
1.4245769
1.4245769
1.4300615
1.4300615
1.4408894
1.4408894
1.4571854
1.4571854
1.4791979
1.4791979
1.5072186
1.5072186
1.5414907
1.5414907
1.5821021
1.5821021
1.628867
1.628867
1.6812802
1.6812802
1.7385023
1.7385023
1.7994183
1.7994183
1.8627187
1.8627187
1.9269866
1.9269866
1.9907763
1.9907763
2.0526637
2.0526637
2.1112927
2.1112927
2.1654085
2.1654085
2.2138755
2.2138755
2.2556875
2.2556875
2.289975
2.289975
2.3160037
2.3160037
2.3331669
2.3331669
2.3409871
2.3409871
2.339106
2.339106
2.3272874
2.3272874
2.3054196
2.3054196
2.2735144
2.2735144
2.2317295
2.2317295
2.1803721
2.1803721
2.1199254
2.1199254
2.0510673
2.0510673
1.9747011
1.9747011
1.8919742
1.8919742
1.8042952
1.8042952
1.7133425
1.7133425
1.6210424
1.6210424
1.5295221
1.5295221
1.4409852
1.4409852
1.3575171
1.3575171
1.2807461
1.2807461
1.2114952
1.2114952
1.1495568
1.1495568
1.0938641
1.0938641
1.0429602
1.0429602
0.99554098
0.99554098
0.95076133
0.95076133
0.99465671
0.99465671
0.99465671
1.0554324
1.0554324
1.1174537
1.1174537
1.1810066
1.1810066
1.2469712
1.2469712
1.316477
1.316477
1.3904828
1.3904828
1.4694143
1.4694143
1.5530124
1.5530124
1.6403551
1.6403551
1.730066
1.730066
1.8205471
1.8205471
1.9101745
1.9101745
1.9974139
1.9974139
2.0808727
2.0808727
2.1593243
2.1593243
2.2317029
2.2317029
2.2971084
2.2971084
2.354778
2.354778
2.4040841
2.4040841
2.4445064
2.4445064
2.4756208
2.4756208
2.4970841
2.4970841
2.508621
2.508621
2.5100134
2.5100134
2.5010978
2.5010978
2.4817591
2.4817591
2.4519363
2.4519363
2.4116282
2.4116282
2.360905
2.360905
2.2999262
2.2999262
2.2289654
2.2289654
2.1484394
2.1484394
2.0589492
2.0589492
1.9613227
1.9613227
1.8566688
1.8566688
1.7464265
1.7464265
1.632414
1.632414
1.5168581
1.5168581
1.4023463
1.4023463
1.2916432
1.2916432
1.1872555
1.1872555
1.0908697
1.0908697
1.0031438
1.0031438
0.92446425
0.92446425
0.85640149
0.85640149
0.87996797
0.87996797
0.87996797
0.94580995
0.94580995
1.018065
1.018065
1.0951903
1.0951903
1.1771001
1.1771001
1.2641667
1.2641667
1.3561841
1.3561841
1.4520251
1.4520251
1.5498533
1.5498533
1.6475608
1.6475608
1.7430865
1.7430865
1.8345981
1.8345981
1.9205503
1.9205503
1.9996839
1.9996839
2.0710026
2.0710026
2.133739
2.133739
2.1873234
2.1873234
2.2313485
2.2313485
2.2655442
2.2655442
2.2897566
2.2897566
2.3039285
2.3039285
2.3080916
2.3080916
2.3023587
2.3023587
2.2869198
2.2869198
2.2620496
2.2620496
2.22811
2.22811
2.1855616
2.1855616
2.1349772
2.1349772
2.077054
2.077054
2.0126263
2.0126263
1.9426792
1.9426792
1.8683565
1.8683565
1.7909544
1.7909544
1.7119192
1.7119192
1.6328092
1.6328092
1.5552495
1.5552495
1.4808362
1.4808362
1.4110062
1.4110062
1.3468613
1.3468613
1.2889985
1.2889985
1.2374289
1.2374289
1.1916282
1.1916282
1.1507117
1.1507117
1.1136373
1.1136373
1.0793928
1.0793928
1.047112
1.047112
1.0161333
1.0161333
0.98601541
0.98601541
0.95652828
0.95652828
0.92763492
0.92763492
0.94705192
0.94705192
0.94705192
0.96317412
0.96317412
0.97892638
0.97892638
0.99462179
0.99462179
1.0106189
1.0106189
1.0273362
1.0273362
1.0452657
1.0452657
1.0649816
1.0649816
1.0871373
1.0871373
1.1124503
1.1124503
1.141664
1.141664
1.1754841
1.1754841
1.2144905
1.2144905
1.259037
1.259037
1.3091578
1.3091578
1.3645214
1.3645214
1.4244348
1.4244348
1.4879124
1.4879124
1.55378
1.55378
1.6207959
1.6207959
1.6877443
1.6877443
1.7535034
1.7535034
1.8170905
1.8170905
1.8776785
1.8776785
1.9346077
1.9346077
1.9873765
1.9873765
2.0356324
2.0356324
2.0791671
2.0791671
2.1178904
2.1178904
2.1518273
2.1518273
2.1810929
2.1810929
2.2058887
2.2058887
2.2264827
2.2264827
2.2432003
2.2432003
2.2564087
2.2564087
2.2665115
2.2665115
2.2739319
2.2739319
2.2791043
2.2791043
2.2824651
2.2824651
2.2844412
2.2844412
2.285442
2.285442
2.2858527
2.2858527
2.2860251
2.2860251
2.2862762
2.2862762
2.2868813
2.2868813
2.2880732
2.2880732
2.2900451
2.2900451
2.2929428
2.2929428
2.2968746
2.2968746
2.3019099
2.3019099
2.308081
2.308081
2.3153871
2.3153871
2.3237944
2.3237944
2.3332391
2.3332391
2.3436256
2.3436256
2.3548312
2.3548312
2.3666994
2.3666994
2.379047
2.379047
2.3916578
2.3916578
2.404285
2.404285
2.4166526
2.4166526
2.4284546
2.4284546
2.4393591
2.4393591
2.4490102
2.4490102
2.4570323
2.4570323
2.4630373
2.4630373
2.4666248
2.4666248
2.4673918
2.4673918
2.4649351
2.4649351
2.4588631
2.4588631
2.4487953
2.4487953
2.4343726
2.4343726
2.4152638
2.4152638
2.3911698
2.3911698
2.3618349
2.3618349
2.3270507
2.3270507
2.2866683
2.2866683
2.2406079
2.2406079
2.1888698
2.1888698
2.1315483
2.1315483
2.0688491
2.0688491
2.0011016
2.0011016
1.9287808
1.9287808
1.8525219
1.8525219
1.7731342
1.7731342
1.691613
1.691613
1.6091366
1.6091366
1.5270465
1.5270465
1.4468023
1.4468023
1.3698878
1.3698878
1.2976751
1.2976751
1.231266
1.231266
1.171309
1.171309
1.1179408
1.1179408
1.0708036
1.0708036
1.0291884
1.0291884
0.99223236
0.99223236
0.95910279
0.95910279
0.92912882
0.92912882
0.90186349
0.90186349
0.87707599
0.87707599
0.85469135
0.85469135
0.83470271
0.83470271
0.88407688
0.88407688
0.88407688
0.91596428
0.91596428
0.94985369
0.94985369
0.98551197
0.98551197
1.0229386
1.0229386
1.0623818
1.0623818
1.1043082
1.1043082
1.1493354
1.1493354
1.1981387
1.1981387
1.2513358
1.2513358
1.3093641
1.3093641
1.3723712
1.3723712
1.4401348
1.4401348
1.5120561
1.5120561
1.5872101
1.5872101
1.6644572
1.6644572
1.7425578
1.7425578
1.8202778
1.8202778
1.8964501
1.8964501
1.9700146
1.9700146
2.0400381
2.0400381
2.105713
2.105713
2.1663563
2.1663563
2.2214004
2.2214004
2.2703861
2.2703861
2.3129478
2.3129478
2.3488061
2.3488061
2.3777587
2.3777587
2.3996695
2.3996695
2.4144651
2.4144651
2.4221277
2.4221277
2.4226907
2.4226907
2.4162396
2.4162396
2.4029096
2.4029096
2.3828848
2.3828848
2.3564059
2.3564059
2.3237677
2.3237677
2.2853257
2.2853257
2.2414997
2.2414997
2.1927765
2.1927765
2.1397157
2.1397157
2.0829491
2.0829491
2.0231829
2.0231829
1.9611947
1.9611947
1.8978271
1.8978271
1.8339772
1.8339772
1.770588
1.770588
1.7086174
1.7086174
1.6490173
1.6490173
1.592692
1.592692
1.5404611
1.5404611
1.4930105
1.4930105
1.4508686
1.4508686
1.4144001
1.4144001
1.3838132
1.3838132
1.359203
1.359203
1.3405884
1.3405884
1.3279538
1.3279538
1.3212743
1.3212743
1.3205353
1.3205353
1.3257212
1.3257212
1.3367992
1.3367992
1.3536798
1.3536798
1.3761944
1.3761944
1.4040339
1.4040339
1.4367483
1.4367483
1.473727
1.473727
1.5142127
1.5142127
1.5573443
1.5573443
1.6021937
1.6021937
1.6478225
1.6478225
1.6933171
1.6933171
1.7378239
1.7378239
1.7805828
1.7805828
1.8209361
1.8209361
1.8583474
1.8583474
1.8923984
1.8923984
1.9227891
1.9227891
1.9493425
1.9493425
1.9719873
1.9719873
1.9907578
1.9907578
2.0057816
2.0057816
2.0172698
2.0172698
2.0255066
2.0255066
2.030838
2.030838
2.03366
2.03366
2.0344054
2.0344054
2.0335339
2.0335339
2.0315165
2.0315165
2.0288261
2.0288261
2.0259223
2.0259223
2.0232403
2.0232403
2.0211863
2.0211863
2.0201226
2.0201226
2.0203647
2.0203647
2.0221768
2.0221768
2.0257658
2.0257658
2.031285
2.031285
2.0388338
2.0388338
2.0484581
2.0484581
2.0601506
2.0601506
2.0738589
2.0738589
2.089486
2.089486
2.1068919
2.1068919
2.1258976
2.1258976
2.146285
2.146285
2.1678035
2.1678035
2.1901676
2.1901676
2.21306
2.21306
2.2361363
2.2361363
2.2590274
2.2590274
2.2813395
2.2813395
2.3026647
2.3026647
2.3225814
2.3225814
2.3406603
2.3406603
2.3564693
2.3564693
2.3695803
2.3695803
2.3795735
2.3795735
2.3860419
2.3860419
2.388598
2.388598
2.3868766
2.3868766
2.3805417
2.3805417
2.3692886
2.3692886
2.3528497
2.3528497
2.3310015
2.3310015
2.3035658
2.3035658
2.2704239
2.2704239
2.2315167
2.2315167
2.1868587
2.1868587
2.1365465
2.1365465
2.0807713
2.0807713
2.0198318
2.0198318
1.9541494
1.9541494
1.8842784
1.8842784
1.8109272
1.8109272
1.7349532
1.7349532
1.6573799
1.6573799
1.5793785
1.5793785
1.5022448
1.5022448
1.4273353
1.4273353
1.3559942
1.3559942
1.2894117
1.2894117
1.2284939
1.2284939
1.1737413
1.1737413
1.1252162
1.1252162
1.0825764
1.0825764
1.0451961
1.0451961
1.0123063
1.0123063
0.98312805
0.98312805
0.95696175
0.95696175
0.93323956
0.93323956
0.91154215
0.91154215
0.8915895
0.8915895
0.87321796
0.87321796
0.85634112
0.85634112
0.84090932
0.84090932
0.86406292
0.86406292
0.86406292
0.88805771
0.88805771
0.91335995
0.91335995
0.93977108
0.93977108
0.96719558
0.96719558
0.99566693
0.99566693
1.0253626
1.0253626
1.0566019
1.0566019
1.0898353
1.0898353
1.1256184
1.1256184
1.1645741
1.1645741
1.2073349
1.2073349
1.2544644
1.2544644
1.3063604
1.3063604
1.3631636
1.3631636
1.4246835
1.4246835
1.4903752
1.4903752
1.5593756
1.5593756
1.6306023
1.6306023
1.7028462
1.7028462
1.7748753
1.7748753
1.8454956
1.8454956
1.9136044
1.9136044
1.978206
1.978206
2.038418
2.038418
2.0934788
2.0934788
2.142736
2.142736
2.1856426
2.1856426
2.2217455
2.2217455
2.2506816
2.2506816
2.2721613
2.2721613
2.2859676
2.2859676
2.2919476
2.2919476
2.2900067
2.2900067
2.2801129
2.2801129
2.2622901
2.2622901
2.2366277
2.2366277
2.2032804
2.2032804
2.1624813
2.1624813
2.114548
2.114548
2.059895
2.059895
1.9990501
1.9990501
1.9326645
1.9326645
1.861529
1.861529
1.7865795
1.7865795
1.7089095
1.7089095
1.6297592
1.6297592
1.5505017
1.5505017
1.4725891
1.4725891
1.3974836
1.3974836
1.3265143
1.3265143
1.2607406
1.2607406
1.2007872
1.2007872
1.1467726
1.1467726
1.0983516
1.0983516
1.0548462
1.0548462
1.0154307
1.0154307
0.97930904
0.97930904
0.94584185
0.94584185
0.91461542
0.91461542
0.88545763
0.88545763
0.85840763
0.85840763
0.83365516
0.83365516
0.85107439
0.85107439
0.85107439
0.87249652
0.87249652
0.89506473
0.89506473
0.91866637
0.91866637
0.94329093
0.94329093
0.96906805
0.96906805
0.99628559
0.99628559
1.0253814
1.0253814
1.0569143
1.0569143
1.0915181
1.0915181
1.1298363
1.1298363
1.172446
1.172446
1.2197649
1.2197649
1.2719646
1.2719646
1.3289119
1.3289119
1.3901372
1.3901372
1.4548687
1.4548687
1.5221128
1.5221128
1.5907472
1.5907472
1.6596148
1.6596148
1.7276027
1.7276027
1.793682
1.793682
1.8569461
1.8569461
1.916612
1.916612
1.9720236
1.9720236
2.0226489
2.0226489
2.0680707
2.0680707
2.1079757
2.1079757
2.1421454
2.1421454
2.170445
2.170445
2.1928184
2.1928184
2.2092782
2.2092782
2.2198981
2.2198981
2.2248101
2.2248101
2.2242018
2.2242018
2.2183094
2.2183094
2.2074162
2.2074162
2.1918539
2.1918539
2.1719946
2.1719946
2.1482538
2.1482538
2.1210865
2.1210865
2.0909807
2.0909807
2.0584553
2.0584553
2.0240593
2.0240593
1.9883573
1.9883573
1.9519272
1.9519272
1.9153537
1.9153537
1.8792143
1.8792143
1.8440734
1.8440734
1.810469
1.810469
1.7789075
1.7789075
1.7498508
1.7498508
1.7237075
1.7237075
1.7008274
1.7008274
1.6814956
1.6814956
1.6659234
1.6659234
1.6542619
1.6542619
1.6465798
1.6465798
1.6428789
1.6428789
1.6430847
1.6430847
1.6470466
1.6470466
1.6545386
1.6545386
1.6652524
1.6652524
1.6788136
1.6788136
1.6947739
1.6947739
1.7126263
1.7126263
1.7318176
1.7318176
1.7517614
1.7517614
1.7718551
1.7718551
1.7914912
1.7914912
1.8100851
1.8100851
1.8270751
1.8270751
1.841947
1.841947
1.8542425
1.8542425
1.8635676
1.8635676
1.8695992
1.8695992
1.8721007
1.8721007
1.870914
1.870914
1.8659729
1.8659729
1.8573019
1.8573019
1.8450166
1.8450166
1.829325
1.829325
1.8105228
1.8105228
1.7889948
1.7889948
1.7652028
1.7652028
1.7396829
1.7396829
1.7130317
1.7130317
1.6858933
1.6858933
1.6589435
1.6589435
1.6328704
1.6328704
1.6083543
1.6083543
1.5860481
1.5860481
1.5665574
1.5665574
1.5504183
1.5504183
1.5380927
1.5380927
1.529946
1.529946
1.5262597
1.5262597
1.527221
1.527221
1.5329306
1.5329306
1.5434072
1.5434072
1.5586015
1.5586015
1.5783872
1.5783872
1.6025648
1.6025648
1.6308627
1.6308627
1.6629348
1.6629348
1.6983589
1.6983589
1.7366447
1.7366447
1.7772398
1.7772398
1.8195405
1.8195405
1.8629101
1.8629101
1.9066941
1.9066941
1.9502276
1.9502276
1.9928532
1.9928532
2.0339312
2.0339312
2.0728456
2.0728456
2.1090175
2.1090175
2.1419023
2.1419023
2.1710008
2.1710008
2.1958564
2.1958564
2.2160605
2.2160605
2.2312527
2.2312527
2.2411192
2.2411192
2.2453949
2.2453949
2.2438657
2.2438657
2.2363652
2.2363652
2.2227815
2.2227815
2.2030564
2.2030564
2.1771889
2.1771889
2.145246
2.145246
2.1073632
2.1073632
2.0637519
2.0637519
2.014714
2.014714
1.9606455
1.9606455
1.902048
1.902048
1.8395386
1.8395386
1.7738528
1.7738528
1.7058527
1.7058527
1.6365159
1.6365159
1.5669288
1.5669288
1.4982523
1.4982523
1.4316804
1.4316804
1.3683644
1.3683644
1.309325
1.309325
1.2553575
1.2553575
1.2069637
1.2069637
1.1643087
1.1643087
1.127266
1.127266
1.0954787
1.0954787
1.0684506
1.0684506
1.0456311
1.0456311
1.0264768
1.0264768
1.0104906
1.0104906
0.99723788
0.99723788
0.98634889
0.98634889
0.9775166
0.9775166
0.97048658
0.97048658
0.96504989
0.96504989
0.96103496
0.96103496
0.95829935
0.95829935
0.9567264
0.9567264
0.95621798
0.95621798
0.95669386
0.95669386
0.95808687
0.95808687
0.96034307
0.96034307
0.96341934
0.96341934
0.9672858
0.9672858
0.97192408
0.97192408
0.97733017
0.97733017
0.98351611
0.98351611
0.99051311
0.99051311
0.99837364
0.99837364
1.007178
1.007178
1.017037
1.017037
1.0280985
1.0280985
1.0405542
1.0405542
1.0546444
1.0546444
1.0706661
1.0706661
1.0889746
1.0889746
1.1099842
1.1099842
1.134159
1.134159
1.1619913
1.1619913
1.193963
1.193963
1.2304859
1.2304859
1.2718275
1.2718275
1.31804
1.31804
1.368895
1.368895
1.4238535
1.4238535
1.4821107
1.4821107
1.5426439
1.5426439
1.604306
1.604306
1.6659042
1.6659042
1.7262733
1.7262733
1.7843166
1.7843166
1.8390304
1.8390304
1.889527
1.889527
1.9350345
1.9350345
1.9748941
1.9748941
2.0085624
2.0085624
2.0356002
2.0356002
2.0556668
2.0556668
2.0685171
2.0685171
2.0739885
2.0739885
2.072009
2.072009
2.0625829
2.0625829
2.0458044
2.0458044
2.0218483
2.0218483
1.9909849
1.9909849
1.95358
1.95358
1.9101028
1.9101028
1.8611363
1.8611363
1.8073823
1.8073823
1.7496665
1.7496665
1.6889363
1.6889363
1.6262576
1.6262576
1.5627939
1.5627939
1.4997816
1.4997816
1.4384798
1.4384798
1.3801016
1.3801016
1.3257302
1.3257302
1.2762238
1.2762238
1.2321406
1.2321406
1.1936958
1.1936958
1.1608019
1.1608019
1.1331296
1.1331296
1.1102043
1.1102043
1.0914965
1.0914965
1.0764898
1.0764898
1.064722
1.064722
1.0558078
1.0558078
1.0494424
1.0494424
1.0454019
1.0454019
1.0435376
1.0435376
1.0437718
1.0437718
1.0460937
1.0460937
1.0505562
1.0505562
1.0572766
1.0572766
1.0664347
1.0664347
1.0782739
1.0782739
1.0930979
1.0930979
1.1112626
1.1112626
1.133162
1.133162
1.1591962
1.1591962
1.1897303
1.1897303
1.2250323
1.2250323
1.2652069
1.2652069
1.3101426
1.3101426
1.3594608
1.3594608
1.4125236
1.4125236
1.4684729
1.4684729
1.5262968
1.5262968
1.5848973
1.5848973
1.6431748
1.6431748
1.7000705
1.7000705
1.7546094
1.7546094
1.8059172
1.8059172
1.8532384
1.8532384
1.8959306
1.8959306
1.933472
1.933472
1.9654491
1.9654491
1.9915519
1.9915519
2.011575
2.011575
2.0253962
2.0253962
2.0329895
2.0329895
2.0344039
2.0344039
2.0297705
2.0297705
2.0192956
2.0192956
2.0032628
2.0032628
1.9820258
1.9820258
1.9560174
1.9560174
1.9257377
1.9257377
1.891757
1.891757
1.8547146
1.8547146
1.8153073
1.8153073
1.7742812
1.7742812
1.7324242
1.7324242
1.690549
1.690549
1.649472
1.649472
1.6099966
1.6099966
1.572885
1.572885
1.5388399
1.5388399
1.5084752
1.5084752
1.4823073
1.4823073
1.4607377
1.4607377
1.4440628
1.4440628
1.4324745
1.4324745
1.4260841
1.4260841
1.4249322
1.4249322
1.4290015
1.4290015
1.4382188
1.4382188
1.452455
1.452455
1.4715119
1.4715119
1.495107
1.495107
1.5228628
1.5228628
1.5542959
1.5542959
1.5888251
1.5888251
1.6257772
1.6257772
1.6644097
1.6644097
1.7039326
1.7039326
1.7435356
1.7435356
1.7824114
1.7824114
1.8197747
1.8197747
1.8548809
1.8548809
1.8870361
1.8870361
1.9156111
1.9156111
1.9400477
1.9400477
1.9598617
1.9598617
1.9746454
1.9746454
1.9840713
1.9840713
1.987892
1.987892
1.9859424
1.9859424
1.9781406
1.9781406
1.9644895
1.9644895
1.9450798
1.9450798
1.9200932
1.9200932
1.8898087
1.8898087
1.854599
1.854599
1.814944
1.814944
1.7714248
1.7714248
1.7247266
1.7247266
1.6756338
1.6756338
1.6250195
1.6250195
1.5738313
1.5738313
1.5230693
1.5230693
1.4737515
1.4737515
1.4268675
1.4268675
1.3833422
1.3833422
1.3439714
1.3439714
1.3093854
1.3093854
1.2800222
1.2800222
1.2561313
1.2561313
1.2377976
1.2377976
1.2249894
1.2249894
1.2176003
1.2176003
1.2155144
1.2155144
1.2186291
1.2186291
1.2268796
1.2268796
1.2402405
1.2402405
1.2587297
1.2587297
1.28236
1.28236
1.311126
1.311126
1.344947
1.344947
1.3836252
1.3836252
1.4268081
1.4268081
1.4739711
1.4739711
1.5244207
1.5244207
1.5773264
1.5773264
1.631761
1.631761
1.686749
1.686749
1.7413127
1.7413127
1.7944983
1.7944983
1.8454123
1.8454123
1.8932256
1.8932256
1.9371907
1.9371907
1.9766439
1.9766439
2.0110043
2.0110043
2.0397743
2.0397743
2.0625394
2.0625394
2.0789581
2.0789581
2.0887654
2.0887654
2.0917642
2.0917642
2.0878297
2.0878297
2.076906
2.076906
2.0590081
2.0590081
2.0342244
2.0342244
2.0027299
2.0027299
1.964778
1.964778
1.9207255
1.9207255
1.8710314
1.8710314
1.8162726
1.8162726
1.7571468
1.7571468
1.6944815
1.6944815
1.6292402
1.6292402
1.5625056
1.5625056
1.495464
1.495464
1.4293776
1.4293776
1.3655123
1.3655123
1.305064
1.305064
1.2490436
1.2490436
1.1981901
1.1981901
1.1528807
1.1528807
1.1131373
1.1131373
1.0786661
1.0786661
1.0489557
1.0489557
1.0233815
1.0233815
1.001295
1.001295
0.98208396
0.98208396
0.96520411
0.96520411
0.95019073
0.95019073
0.93665603
0.93665603
0.92428265
0.92428265
0.91281577
0.91281577
0.90205049
0.90205049
0.89182712
0.89182712
0.88202284
0.88202284
0.87254516
0.87254516
0.86332796
0.86332796
0.85432677
0.85432677
0.84551487
0.84551487
0.83687991
0.83687991
0.82841956
0.82841956
0.82013936
0.82013936
0.82672086
0.82672086
0.82672086
0.83525028
0.83525028
0.84373892
0.84373892
0.85216432
0.85216432
0.86051204
0.86051204
0.86877902
0.86877902
0.87697526
0.87697526
0.88512383
0.88512383
0.8932644
0.8932644
0.90145184
0.90145184
0.90975859
0.90975859
0.91827584
0.91827584
0.9271136
0.9271136
0.93640505
0.93640505
0.94630673
0.94630673
0.95700309
0.95700309
0.96871047
0.96871047
0.98168017
0.98168017
0.99620552
0.99620552
1.0126233
1.0126233
1.0313171
1.0313171
1.0527138
1.0527138
1.0772735
1.0772735
1.1054671
1.1054671
1.1377395
1.1377395
1.1744568
1.1744568
1.2158411
1.2158411
1.2619062
1.2619062
1.312417
1.312417
1.3668628
1.3668628
1.4244865
1.4244865
1.4843437
1.4843437
1.5453795
1.5453795
1.6065032
1.6065032
1.6666439
1.6666439
1.7248071
1.7248071
1.7800865
1.7800865
1.8316842
1.8316842
1.8789171
1.8789171
1.9212052
1.9212052
1.9580826
1.9580826
1.9891738
1.9891738
2.0141998
2.0141998
2.0329631
2.0329631
2.0453453
2.0453453
2.0513028
2.0513028
2.0508583
2.0508583
2.0441064
2.0441064
2.0312033
2.0312033
2.0123776
2.0123776
1.9879235
1.9879235
1.9582039
1.9582039
1.9236575
1.9236575
1.884796
1.884796
1.8422036
1.8422036
1.7965415
1.7965415
1.7485395
1.7485395
1.6989891
1.6989891
1.6487367
1.6487367
1.59866
1.59866
1.5496557
1.5496557
1.5025997
1.5025997
1.458324
1.458324
1.4175805
1.4175805
1.3809988
1.3809988
1.3490784
1.3490784
1.3221715
1.3221715
1.3004975
1.3004975
1.2841646
1.2841646
1.2732089
1.2732089
1.2676152
1.2676152
1.2673497
1.2673497
1.2723682
1.2723682
1.2826173
1.2826173
1.2980221
1.2980221
1.3184624
1.3184624
1.3437448
1.3437448
1.3735733
1.3735733
1.4075297
1.4075297
1.4450707
1.4450707
1.4855272
1.4855272
1.5281397
1.5281397
1.572078
1.572078
1.6164837
1.6164837
1.6604988
1.6604988
1.7032983
1.7032983
1.7441071
1.7441071
1.782221
1.782221
1.817012
1.817012
1.8479341
1.8479341
1.8745335
1.8745335
1.8964377
1.8964377
1.9133678
1.9133678
1.9251242
1.9251242
1.931593
1.931593
1.9327428
1.9327428
1.9286181
1.9286181
1.9193445
1.9193445
1.9051263
1.9051263
1.8862397
1.8862397
1.863041
1.863041
1.8359607
1.8359607
1.8054973
1.8054973
1.7722215
1.7722215
1.7367648
1.7367648
1.6998087
1.6998087
1.6620822
1.6620822
1.6243352
1.6243352
1.5873333
1.5873333
1.5518268
1.5518268
1.5185374
1.5185374
1.488127
1.488127
1.4611856
1.4611856
1.4382071
1.4382071
1.419589
1.419589
1.4056269
1.4056269
1.3965206
1.3965206
1.392388
1.392388
1.3932767
1.3932767
1.3991709
1.3991709
1.4100018
1.4100018
1.4256405
1.4256405
1.4458906
1.4458906
1.4704732
1.4704732
1.4990316
1.4990316
1.5311103
1.5311103
1.5661678
1.5661678
1.6035764
1.6035764
1.6426543
1.6426543
1.682669
1.682669
1.7228723
1.7228723
1.7625155
1.7625155
1.8008654
1.8008654
1.8372217
1.8372217
1.8709291
1.8709291
1.9013872
1.9013872
1.9280502
1.9280502
1.9504396
1.9504396
1.9681403
1.9681403
1.9808025
1.9808025
1.988148
1.988148
1.9899644
1.9899644
1.9861082
1.9861082
1.9765069
1.9765069
1.9611635
1.9611635
1.9401558
1.9401558
1.9136377
1.9136377
1.8818541
1.8818541
1.8451355
1.8451355
1.803907
1.803907
1.7586927
1.7586927
1.7101193
1.7101193
1.6589071
1.6589071
1.6058793
1.6058793
1.5519368
1.5519368
1.4980479
1.4980479
1.4452158
1.4452158
1.3944432
1.3944432
1.3466756
1.3466756
1.3027562
1.3027562
1.2633676
1.2633676
1.2289995
1.2289995
1.19994
1.19994
1.1762854
1.1762854
1.1579955
1.1579955
1.144938
1.144938
1.1369443
1.1369443
1.1338546
1.1338546
1.1355461
1.1355461
1.1419514
1.1419514
1.1530623
1.1530623
1.1689221
1.1689221
1.1896065
1.1896065
1.2151904
1.2151904
1.2457198
1.2457198
1.2811472
1.2811472
1.3212951
1.3212951
1.3658249
1.3658249
1.4142148
1.4142148
1.4657716
1.4657716
1.519664
1.519664
1.5749641
1.5749641
1.6307078
1.6307078
1.685934
1.685934
1.7397135
1.7397135
1.7911859
1.7911859
1.8395591
1.8395591
1.8841329
1.8841329
1.9242885
1.9242885
1.9594945
1.9594945
1.9893054
1.9893054
2.0133501
2.0133501
2.0313391
2.0313391
2.0430493
2.0430493
2.0483286
2.0483286
2.0470868
2.0470868
2.0393038
2.0393038
2.0250218
2.0250218
2.004351
2.004351
1.977473
1.977473
1.9446449
1.9446449
1.9062064
1.9062064
1.8625845
1.8625845
1.8143013
1.8143013
1.7619746
1.7619746
1.7063318
1.7063318
1.6481991
1.6481991
1.5884952
1.5884952
1.528229
1.528229
1.4684652
1.4684652
1.4102887
1.4102887
1.3547581
1.3547581
1.3028323
1.3028323
1.2553113
1.2553113
1.2127776
1.2127776
1.175558
1.175558
1.1437434
1.1437434
1.1172304
1.1172304
1.0957803
1.0957803
1.0790896
1.0790896
1.0668463
1.0668463
1.0587722
1.0587722
1.0546489
1.0546489
1.0543315
1.0543315
1.0577543
1.0577543
1.0649302
1.0649302
1.0759449
1.0759449
1.0909488
1.0909488
1.1101383
1.1101383
1.1337321
1.1337321
1.1619341
1.1619341
1.1948893
1.1948893
1.232626
1.232626
1.2750218
1.2750218
1.3217395
1.3217395
1.372249
1.372249
1.4258151
1.4258151
1.4815662
1.4815662
1.5385339
1.5385339
1.5957235
1.5957235
1.6521495
1.6521495
1.7068884
1.7068884
1.7590894
1.7590894
1.8079933
1.8079933
1.8529373
1.8529373
1.8933552
1.8933552
1.928775
1.928775
1.9588134
1.9588134
1.9831748
1.9831748
2.0016367
2.0016367
2.0140539
2.0140539
2.0203527
2.0203527
2.0205203
2.0205203
2.0146131
2.0146131
2.0027504
2.0027504
1.9851157
1.9851157
1.9619573
1.9619573
1.9335929
1.9335929
1.9004096
1.9004096
1.8628671
1.8628671
1.8214999
1.8214999
1.7769139
1.7769139
1.7297912
1.7297912
1.6808766
1.6808766
1.6309723
1.6309723
1.5809288
1.5809288
1.5316171
1.5316171
1.4839099
1.4839099
1.438644
1.438644
1.3965959
1.3965959
1.3584365
1.3584365
1.3247116
1.3247116
1.2958263
1.2958263
1.2720506
1.2720506
1.2535348
1.2535348
1.2403406
1.2403406
1.2324669
1.2324669
1.2298887
1.2298887
1.2325625
1.2325625
1.240444
1.240444
1.2534665
1.2534665
1.2715431
1.2715431
1.2945264
1.2945264
1.322182
1.322182
1.3541759
1.3541759
1.3900463
1.3900463
1.4292109
1.4292109
1.4709765
1.4709765
1.514569
1.514569
1.5591694
1.5591694
1.6039369
1.6039369
1.6480486
1.6480486
1.6907211
1.6907211
1.7312279
1.7312279
1.7689152
1.7689152
1.803206
1.803206
1.8336061
1.8336061
1.8597037
1.8597037
1.881174
1.881174
1.8977688
1.8977688
1.909325
1.909325
1.9157541
1.9157541
1.9170395
1.9170395
1.9132431
1.9132431
1.9044958
1.9044958
1.8909983
1.8909983
1.8730219
1.8730219
1.8509063
1.8509063
1.8250584
1.8250584
1.7959496
1.7959496
1.764112
1.764112
1.7301334
1.7301334
1.6946497
1.6946497
1.6583364
1.6583364
1.62189
1.62189
1.5860233
1.5860233
1.5514404
1.5514404
1.5188173
1.5188173
1.4887845
1.4887845
1.4619146
1.4619146
1.4386947
1.4386947
1.4195266
1.4195266
1.4047201
1.4047201
1.3944964
1.3944964
1.3889958
1.3889958
1.3882846
1.3882846
1.3923631
1.3923631
1.4011692
1.4011692
1.414578
1.414578
1.432392
1.432392
1.4543454
1.4543454
1.480088
1.480088
1.5091814
1.5091814
1.5411137
1.5411137
1.5752971
1.5752971
1.6110881
1.6110881
1.6478065
1.6478065
1.6847505
1.6847505
1.7212204
1.7212204
1.7565301
1.7565301
1.7900252
1.7900252
1.8210922
1.8210922
1.8491665
1.8491665
1.873741
1.873741
1.8943686
1.8943686
1.9106664
1.9106664
1.9223151
1.9223151
1.9290626
1.9290626
1.9307267
1.9307267
1.9271906
1.9271906
1.9184104
1.9184104
1.904409
1.904409
1.8852902
1.8852902
1.861229
1.861229
1.8324827
1.8324827
1.7993916
1.7993916
1.76238
1.76238
1.7219603
1.7219603
1.6787276
1.6787276
1.6333616
1.6333616
1.5866189
1.5866189
1.5393109
1.5393109
1.4923022
1.4923022
1.4464718
1.4464718
1.4026897
1.4026897
1.3617777
1.3617777
1.3244731
1.3244731
1.2913937
1.2913937
1.2630215
1.2630215
1.2396914
1.2396914
1.2216
1.2216
1.2088424
1.2088424
1.2014357
1.2014357
1.1993553
1.1993553
1.202558
1.202558
1.2110061
1.2110061
1.2246556
1.2246556
1.2434537
1.2434537
1.2673219
1.2673219
1.2961201
1.2961201
1.3296185
1.3296185
1.3674728
1.3674728
1.4092098
1.4092098
1.454223
1.454223
1.5018005
1.5018005
1.5511389
1.5511389
1.6013954
1.6013954
1.6517038
1.6517038
1.701223
1.701223
1.7491437
1.7491437
1.7947156
1.7947156
1.8372534
1.8372534
1.8761425
1.8761425
1.9108439
1.9108439
1.9408923
1.9408923
1.9658955
1.9658955
1.9855307
1.9855307
1.9995445
1.9995445
2.0077477
2.0077477
2.0100152
2.0100152
2.0062851
2.0062851
1.9965558
1.9965558
1.9808924
1.9808924
1.959421
1.959421
1.9323421
1.9323421
1.8999274
1.8999274
1.8625223
1.8625223
1.8205617
1.8205617
1.7745611
1.7745611
1.7251284
1.7251284
1.6729607
1.6729607
1.6188395
1.6188395
1.5636292
1.5636292
1.5082538
1.5082538
1.453677
1.453677
1.400873
1.400873
1.3507768
1.3507768
1.3042383
1.3042383
1.2619738
1.2619738
1.2245283
1.2245283
1.1922501
1.1922501
1.1653208
1.1653208
1.143758
1.143758
1.1274896
1.1274896
1.1163885
1.1163885
1.1103208
1.1103208
1.1091764
1.1091764
1.1128882
1.1128882
1.1214365
1.1214365
1.1348446
1.1348446
1.1531584
1.1531584
1.1764202
1.1764202
1.204626
1.204626
1.237698
1.237698
1.2754207
1.2754207
1.3174359
1.3174359
1.3632164
1.3632164
1.412082
1.412082
1.463231
1.463231
1.5157805
1.5157805
1.568819
1.568819
1.6214364
1.6214364
1.6727648
1.6727648
1.7220008
1.7220008
1.7684186
1.7684186
1.8113755
1.8113755
1.8503141
1.8503141
1.8847702
1.8847702
1.9143612
1.9143612
1.9387813
1.9387813
1.9578088
1.9578088
1.9712881
1.9712881
1.979133
1.979133
1.9813246
1.9813246
1.9779063
1.9779063
1.9689816
1.9689816
1.9547209
1.9547209
1.9353511
1.9353511
1.9111657
1.9111657
1.8825209
1.8825209
1.8498377
1.8498377
1.8136
1.8136
1.7743576
1.7743576
1.7327215
1.7327215
1.6893565
1.6893565
1.6449757
1.6449757
1.6003273
1.6003273
1.5561816
1.5561816
1.5133109
1.5133109
1.472468
1.472468
1.4343579
1.4343579
1.3996187
1.3996187
1.3687991
1.3687991
1.3423373
1.3423373
1.3205738
1.3205738
1.3037357
1.3037357
1.2919712
1.2919712
1.2853499
1.2853499
1.2838857
1.2838857
1.2875486
1.2875486
1.2962628
1.2962628
1.309903
1.309903
1.3282805
1.3282805
1.351135
1.351135
1.3781166
1.3781166
1.4087785
1.4087785
1.442579
1.442579
1.47889
1.47889
1.5170223
1.5170223
1.5562386
1.5562386
1.5957891
1.5957891
1.6349289
1.6349289
1.6729403
1.6729403
1.70915
1.70915
1.7429401
1.7429401
1.7737582
1.7737582
1.8011256
1.8011256
1.824632
1.824632
1.8439455
1.8439455
1.8588107
1.8588107
1.8690458
1.8690458
1.8745403
1.8745403
1.87526
1.87526
1.8712392
1.8712392
1.862583
1.862583
1.8494679
1.8494679
1.8321388
1.8321388
1.8109058
1.8109058
1.7861495
1.7861495
1.758313
1.758313
1.7278976
1.7278976
1.6954645
1.6954645
1.661618
1.661618
1.6270029
1.6270029
1.5922906
1.5922906
1.5581634
1.5581634
1.5252944
1.5252944
1.494341
1.494341
1.4659113
1.4659113
1.4405586
1.4405586
1.4187639
1.4187639
1.4009217
1.4009217
1.387339
1.387339
1.3782422
1.3782422
1.3737736
1.3737736
1.3740022
1.3740022
1.3789306
1.3789306
1.3884946
1.3884946
1.4025644
1.4025644
1.4209415
1.4209415
1.4433532
1.4433532
1.4694471
1.4694471
1.4987879
1.4987879
1.530873
1.530873
1.5651291
1.5651291
1.6009306
1.6009306
1.6376185
1.6376185
1.6745213
1.6745213
1.7109605
1.7109605
1.746281
1.746281
1.7798496
1.7798496
1.8110766
1.8110766
1.8394153
1.8394153
1.8643735
1.8643735
1.8855174
1.8855174
1.9024683
1.9024683
1.9149102
1.9149102
1.92259
1.92259
1.9253163
1.9253163
1.9229607
1.9229607
1.9154598
1.9154598
1.9028169
1.9028169
1.8851052
1.8851052
1.8624654
1.8624654
1.8351171
1.8351171
1.8033542
1.8033542
1.7675528
1.7675528
1.7281693
1.7281693
1.6857453
1.6857453
1.6409046
1.6409046
1.5943423
1.5943423
1.546829
1.546829
1.4991846
1.4991846
1.4522638
1.4522638
1.4069276
1.4069276
1.3640145
1.3640145
1.3243012
1.3243012
1.288469
1.288469
1.2570727
1.2570727
1.2305353
1.2305353
1.2091347
1.2091347
1.1930314
1.1930314
1.1822952
1.1822952
1.1769318
1.1769318
1.1769158
1.1769158
1.1822101
1.1822101
1.1927718
1.1927718
1.2085519
1.2085519
1.2294755
1.2294755
1.255425
1.255425
1.2862084
1.2862084
1.3215283
1.3215283
1.3609671
1.3609671
1.4039843
1.4039843
1.4499207
1.4499207
1.4980227
1.4980227
1.5474764
1.5474764
1.5974407
1.5974407
1.6470759
1.6470759
1.695576
1.695576
1.742181
1.742181
1.7861915
1.7861915
1.8269792
1.8269792
1.8639875
1.8639875
1.8967324
1.8967324
1.9248066
1.9248066
1.947871
1.947871
1.9656533
1.9656533
1.9779519
1.9779519
1.9846216
1.9846216
1.9855825
1.9855825
1.9808151
1.9808151
1.9703572
1.9703572
1.9543108
1.9543108
1.9328368
1.9328368
1.9061651
1.9061651
1.8745933
1.8745933
1.83849
1.83849
1.7982975
1.7982975
1.7545359
1.7545359
1.7078058
1.7078058
1.6587802
1.6587802
1.6082039
1.6082039
1.5568833
1.5568833
1.5056726
1.5056726
1.4554493
1.4554493
1.4070911
1.4070911
1.3614336
1.3614336
1.3192454
1.3192454
1.2811814
1.2811814
1.2477597
1.2477597
1.2193521
1.2193521
1.1961949
1.1961949
1.1784041
1.1784041
1.1660081
1.1660081
1.1589922
1.1589922
1.1573136
1.1573136
1.160924
1.160924
1.1697838
1.1697838
1.1838461
1.1838461
1.2030415
1.2030415
1.2272531
1.2272531
1.2562872
1.2562872
1.2898451
1.2898451
1.3275035
1.3275035
1.3687118
1.3687118
1.4128058
1.4128058
1.4590238
1.4590238
1.5065505
1.5065505
1.5545465
1.5545465
1.6021803
1.6021803
1.6486604
1.6486604
1.6932472
1.6932472
1.7352708
1.7352708
1.7741368
1.7741368
1.8093337
1.8093337
1.8404278
1.8404278
1.8670658
1.8670658
1.8889737
1.8889737
1.9059502
1.9059502
1.9178634
1.9178634
1.9246504
1.9246504
1.926314
1.926314
1.9229209
1.9229209
1.9145976
1.9145976
1.9015342
1.9015342
1.8839761
1.8839761
1.8622343
1.8622343
1.8366739
1.8366739
1.8077209
1.8077209
1.7758539
1.7758539
1.7416063
1.7416063
1.7055547
1.7055547
1.6683209
1.6683209
1.6305544
1.6305544
1.5929202
1.5929202
1.5560964
1.5560964
1.5207425
1.5207425
1.4874965
1.4874965
1.4569429
1.4569429
1.4296136
1.4296136
1.4059602
1.4059602
1.3863524
1.3863524
1.371076
1.371076
1.3603313
1.3603313
1.3542389
1.3542389
1.3528532
1.3528532
1.3561575
1.3561575
1.3640676
1.3640676
1.3764331
1.3764331
1.3930359
1.3930359
1.4135738
1.4135738
1.4376749
1.4376749
1.4648841
1.4648841
1.4946785
1.4946785
1.5264707
1.5264707
1.5596316
1.5596316
1.5935087
1.5935087
1.6274377
1.6274377
1.6607597
1.6607597
1.6928453
1.6928453
1.7231007
1.7231007
1.750976
1.750976
1.7759767
1.7759767
1.7976689
1.7976689
1.8156797
1.8156797
1.8297063
1.8297063
1.8395073
1.8395073
1.8449164
1.8449164
1.8458288
1.8458288
1.8422141
1.8422141
1.8341081
1.8341081
1.8216167
1.8216167
1.8049157
1.8049157
1.7842513
1.7842513
1.7599381
1.7599381
1.7323612
1.7323612
1.7019734
1.7019734
1.6692876
1.6692876
1.6348773
1.6348773
1.5993645
1.5993645
1.56341
1.56341
1.5276998
1.5276998
1.4929291
1.4929291
1.4597846
1.4597846
1.4289237
1.4289237
1.4009516
1.4009516
1.376408
1.376408
1.355753
1.355753
1.339357
1.339357
1.3274962
1.3274962
1.3203698
1.3203698
1.3180865
1.3180865
1.3206966
1.3206966
1.3281775
1.3281775
1.3404483
1.3404483
1.3573645
1.3573645
1.378704
1.378704
1.4041793
1.4041793
1.4334095
1.4334095
1.4659396
1.4659396
1.5012364
1.5012364
1.5386955
1.5386955
1.5776718
1.5776718
1.6174832
1.6174832
1.6574383
1.6574383
1.6968523
1.6968523
1.7350585
1.7350585
1.7714259
1.7714259
1.8053636
1.8053636
1.8363343
1.8363343
1.8638506
1.8638506
1.8874842
1.8874842
1.906865
1.906865
1.9216808
1.9216808
1.9316801
1.9316801
1.9366693
1.9366693
1.9365155
1.9365155
1.9311445
1.9311445
1.9205429
1.9205429
1.9047605
1.9047605
1.8839129
1.8839129
1.8581786
1.8581786
1.8278136
1.8278136
1.7931443
1.7931443
1.7545732
1.7545732
1.7125866
1.7125866
1.6677483
1.6677483
1.6206994
1.6206994
1.5721556
1.5721556
1.5228966
1.5228966
1.4737519
1.4737519
1.4255738
1.4255738
1.379226
1.379226
1.3355304
1.3355304
1.295248
1.295248
1.2590329
1.2590329
1.227416
1.227416
1.2007896
1.2007896
1.1794028
1.1794028
1.1634028
1.1634028
1.152843
1.152843
1.147722
1.147722
1.1480125
1.1480125
1.1536758
1.1536758
1.1646668
1.1646668
1.1809268
1.1809268
1.20237
1.20237
1.2288568
1.2288568
1.2601588
1.2601588
1.2959496
1.2959496
1.3357749
1.3357749
1.3790568
1.3790568
1.4251133
1.4251133
1.4731723
1.4731723
1.5224176
1.5224176
1.5720127
1.5720127
1.6211365
1.6211365
1.6690012
1.6690012
1.7148792
1.7148792
1.7581052
1.7581052
1.7980868
1.7980868
1.8343076
1.8343076
1.8663256
1.8663256
1.8937731
1.8937731
1.9163553
1.9163553
1.9338439
1.9338439
1.946074
1.946074
1.9529481
1.9529481
1.9544246
1.9544246
1.9505236
1.9505236
1.9413217
1.9413217
1.9269546
1.9269546
1.9076172
1.9076172
1.8835652
1.8835652
1.8551131
1.8551131
1.8226419
1.8226419
1.786595
1.786595
1.74748
1.74748
1.7058636
1.7058636
1.662375
1.662375
1.6176929
1.6176929
1.572536
1.572536
1.5276571
1.5276571
1.483819
1.483819
1.441771
1.441771
1.4022376
1.4022376
1.3658817
1.3658817
1.3332892
1.3332892
1.304947
1.304947
1.281236
1.281236
1.2624373
1.2624373
1.2487352
1.2487352
1.2402352
1.2402352
1.2369758
1.2369758
1.2389417
1.2389417
1.246076
1.246076
1.2582613
1.2582613
1.2753339
1.2753339
1.2970461
1.2970461
1.3230767
1.3230767
1.3530044
1.3530044
1.3863199
1.3863199
1.4224261
1.4224261
1.4606547
1.4606547
1.5002939
1.5002939
1.5406063
1.5406063
1.5808567
1.5808567
1.6203319
1.6203319
1.6583571
1.6583571
1.6943117
1.6943117
1.7276345
1.7276345
1.7578338
1.7578338
1.7844887
1.7844887
1.8072517
1.8072517
1.8258444
1.8258444
1.8400634
1.8400634
1.8497754
1.8497754
1.8549109
1.8549109
1.8554724
1.8554724
1.8515242
1.8515242
1.8431953
1.8431953
1.8306775
1.8306775
1.8142233
1.8142233
1.794144
1.794144
1.7708103
1.7708103
1.744649
1.744649
1.7161331
1.7161331
1.6857871
1.6857871
1.6541722
1.6541722
1.6218804
1.6218804
1.5895218
1.5895218
1.5577179
1.5577179
1.5270792
1.5270792
1.4982006
1.4982006
1.4716352
1.4716352
1.4478903
1.4478903
1.4274099
1.4274099
1.4105702
1.4105702
1.3976643
1.3976643
1.3889137
1.3889137
1.3844616
1.3844616
1.3843756
1.3843756
1.3886526
1.3886526
1.3972177
1.3972177
1.409926
1.409926
1.4265576
1.4265576
1.4468259
1.4468259
1.4703656
1.4703656
1.496747
1.496747
1.5254751
1.5254751
1.5560073
1.5560073
1.587761
1.587761
1.6201285
1.6201285
1.6524959
1.6524959
1.6842497
1.6842497
1.714802
1.714802
1.7435863
1.7435863
1.7700751
1.7700751
1.7937892
1.7937892
1.8142963
1.8142963
1.8312181
1.8312181
1.8442326
1.8442326
1.8530787
1.8530787
1.8575539
1.8575539
1.8575159
1.8575159
1.8528879
1.8528879
1.8436556
1.8436556
1.829872
1.829872
1.8116536
1.8116536
1.7891913
1.7891913
1.7627426
1.7627426
1.7326397
1.7326397
1.6992852
1.6992852
1.6631568
1.6631568
1.6248
1.6248
1.5848255
1.5848255
1.5438979
1.5438979
1.5027322
1.5027322
1.4620695
1.4620695
1.4226646
1.4226646
1.3852553
1.3852553
1.350546
1.350546
1.3191839
1.3191839
1.2917254
1.2917254
1.2686372
1.2686372
1.2502782
1.2502782
1.2369049
1.2369049
1.2286868
1.2286868
1.2257182
1.2257182
1.2280245
1.2280245
1.2355887
1.2355887
1.2483327
1.2483327
1.2661325
1.2661325
1.288798
1.288798
1.3160592
1.3160592
1.3475602
1.3475602
1.3828547
1.3828547
1.4213938
1.4213938
1.4625586
1.4625586
1.5056596
1.5056596
1.5499654
1.5499654
1.5947301
1.5947301
1.6392148
1.6392148
1.6827009
1.6827009
1.7245067
1.7245067
1.7640046
1.7640046
1.8006175
1.8006175
1.8338337
1.8338337
1.8632009
1.8632009
1.8883332
1.8883332
1.9089019
1.9089019
1.9246465
1.9246465
1.9353605
1.9353605
1.9408984
1.9408984
1.9411726
1.9411726
1.9361523
1.9361523
1.925863
1.925863
1.9103899
1.9103899
1.8898789
1.8898789
1.8645354
1.8645354
1.8346334
1.8346334
1.8005128
1.8005128
1.7625815
1.7625815
1.7213236
1.7213236
1.6772905
1.6772905
1.6311071
1.6311071
1.5834601
1.5834601
1.5350945
1.5350945
1.4867998
1.4867998
