15:24:08-INFO: MuStaRD
15:24:08-INFO: Running with 2 available processor(s)
15:24:08-INFO: Using 1 processor(s) for main LAMMPS object.
15:24:08-INFO: State 1 using 1 processor(s)
dt 0.0002
dtf 9648.533823273016
dt 0.0002
dtf 9648.533823273016
[ 1.008 15.996 15.996]
[ 1.008 15.996 15.996]
init forces [[  2.42406316  14.16728516  -3.0499197 ]
 [ -0.6241576   -2.61448921   0.51726802]
 [ -1.79990556 -11.55279594   2.53265168]]
init forces [[  2.42406316  14.16728516  -3.0499197 ]
 [ -0.6241576   -2.61448921   0.51726802]
 [ -1.79990556 -11.55279594   2.53265168]]
dtfm [0.95719582 0.06031842 0.06031842]
dtfm [0.95719582 0.06031842 0.06031842]
init vel [[0. 0. 0.]
 [0. 0. 0.]
 [0. 0. 0.]]
init vel [[0. 0. 0.]
 [0. 0. 0.]
 [0. 0. 0.]]
pos_init [[ 7.727  9.338 10.626]
 [ 6.457  8.695 10.465]
 [ 8.176 10.598 10.415]]
pos_init [[ 7.727  9.338 10.626]
 [ 6.457  8.695 10.465]
 [ 8.176 10.598 10.415]]
pos_next [[ 7.72746406  9.34071217 10.62541613]
 [ 6.45699247  8.69496846 10.46500624]
 [ 8.17597829 10.59786063 10.41503055]]
pos_next [[ 7.72746406  9.34071217 10.62541613]
 [ 6.45699247  8.69496846 10.46500624]
 [ 8.17597829 10.59786063 10.41503055]]
post_force called
post_force called
0 callback vel [[0. 0. 0.]
 [0. 0. 0.]
 [0. 0. 0.]]
0 callback forces [[  2.42406316  14.16728516  -3.0499197 ]
 [ -0.6241576   -2.61448921   0.51726802]
 [ -1.79990556 -11.55279594   2.53265168]]
1 callback vel [[0. 0. 0.]
 [0. 0. 0.]
 [0. 0. 0.]]
callback x [[ 7.727  9.338 10.626]
 [ 6.457  8.695 10.465]
 [ 8.176 10.598 10.415]]
initial integrate
1 callback forces [[  2.42406316  14.16728516  -3.0499197 ]
 [ -0.6241576   -2.61448921   0.51726802]
 [ -1.79990556 -11.55279594   2.53265168]]
callback x [[ 7.727  9.338 10.626]
 [ 6.457  8.695 10.465]
 [ 8.176 10.598 10.415]]
initial integrate
post_force called
post_force called
0 callback vel [[ 2.32030312 13.56086607 -2.91937037]
 [-0.0376482  -0.15770185  0.03120079]
 [-0.10856745 -0.69684635  0.15276554]]
0 callback forces [[  2.38740701  14.03548838  -3.02518769]
 [ -0.6263054   -2.60928641   0.51536375]
 [ -1.76110161 -11.42620197   2.50982394]]
1 callback vel [[ 2.32030312 13.56086607 -2.91937037]
 [-0.0376482  -0.15770185  0.03120079]
 [-0.10856745 -0.69684635  0.15276554]]
callback x [[ 7.72746406  9.34071217 10.62541613]
 [ 6.45699247  8.69496846 10.46500624]
 [ 8.17597829 10.59786063 10.41503055]]
final integrate
1 callback forces [[  2.38740701  14.03548838  -3.02518769]
 [ -0.6263054   -2.60928641   0.51536375]
 [ -1.76110161 -11.42620197   2.50982394]]
callback x [[ 7.72746406  9.34071217 10.62541613]
 [ 6.45699247  8.69496846 10.46500624]
 [ 8.17597829 10.59786063 10.41503055]]
final integrate
