

0.0409602
0.16092
0.351346
0.598761
0.885782
1.19245
1.4977
1.78092
2.0234
2.20962
2.32831
2.37321
2.3434
2.24341
2.08286
1.87577
1.63956
1.39382
1.15889
0.954263
0.79717
0.701143
0.674936
0.721776
0.839078
1.01863
1.24727
1.50789
1.7808
2.04522
2.28079
2.46903
2.59459
2.64631
2.61788
2.50833
2.32216
2.06925
1.76452
1.42743
1.08106
1.01729
1.24236
1.47619
1.70291
1.90777
2.07762
2.20145
2.27106
2.28151
2.23159
2.12395
1.96501
1.76456
1.53516
1.29128
1.04828
0.821313
0.624286
0.468814
0.363412
0.312906
0.318111
0.375833
0.479153
0.617996
0.779904
0.950979
1.11691
1.26399
1.38012
1.45567
1.48409
1.46246
1.39158
1.27598
1.12353
0.944894
0.752747
0.560855
0.383085
0.232404
0.119936
0.0541677
0.0403361
0.0800558
0.171213
0.308132
0.482005
0.68155
0.893855
1.10535
1.3028
1.47435
1.61037
1.7042
1.75269
1.75643
1.71972
1.65025
1.55854
1.45704
1.35917
1.27815
1.22583
1.21161
1.2415
1.31754
1.43745
1.59477
1.77936
1.97819
2.17638
2.3584
2.50922
2.61545
2.6663
2.6543
2.57593
2.43198
2.22786
1.9738
1.6848
1.3803
1.31849
1.5038
1.6888
1.86145
2.01159
2.13092
2.21298
2.25342
2.25016
2.20364
2.11684
1.99518
1.8462
1.67907
1.50394
1.33122
1.1708
1.03131
0.91948
0.839653
0.793507
0.77999
0.795481
0.834162
0.888548
0.950142
1.01013
1.06009
1.09265
1.10205
1.08452
1.0386
0.96518
0.867417
0.750495
0.621209
0.487452
0.357625
0.240009
0.142153
0.0703182
0.029016
0.020673
0.0454502
0.101225
0.18374
0.286903
0.403224
0.524351
0.641673
0.746937
0.832849
0.893604
0.925314
0.926299
0.897224
0.841065
0.762918
0.669641
0.569382
0.470993
0.383397
0.314935
0.272739
0.262191
0.286491
0.346384
0.440062
0.563252
0.709495
0.870591
1.03718
1.1994
1.34762
1.47314
1.56879
