4.6011353
4.6011353
4.5262888
4.3068998
3.9580038
3.5033194
2.9733873
2.4032378
1.8297979
1.2892505
0.81453867
0.43317515
0.16548728
0.023393698
0.0097752069
0.11846787
0.33486926
0.63711165
0.99772067
1.3856465
1.7685302
2.1150524
2.3972033
2.5923205
2.6847499
2.6670108
2.5403757
2.3148148
2.0082988
1.6455054
1.2560172
0.87214281
0.52651717
0.24965695
0.067647066
0.00012668224
0.058721647
0.24604041
0.55531213
0.97070189
1.4682914
2.0176657
2.5840035
3.1305249
3.6211251
4.0229951
4.3090308
4.4598402
4.4651872
4.3247544
4.0481618
3.6542392
3.1696133
2.6267256
2.0614406
1.510436
1.0085759
0.58646088
0.26833105
0.070462879
0.00016304587
0.05541869
0.22521783
0.49050889
0.82572551
1.2007649
1.5832772
1.9411009
2.2446684
2.4692059
2.5965658
2.6165552
2.5276658
2.337154
2.0604762
1.7201276
1.343978
0.96322857
0.61013743
0.31567313
0.10725812
0.0067550837
0.028829311
0.17979147
0.45698919
0.84877704
1.3350577
1.8883588
2.4753954
3.0590691
3.6008606
4.0635641
4.414253
1.9835342
1.9835342
1.8151182
1.6090829
1.3771403
1.1321818
0.8874264
0.65556697
0.44796883
0.27396988
0.14032657
0.050840939
0.0061927591
0.0039880907
0.039021033
0.10373078
0.18882216
0.28400586
0.378805
0.4633694
0.52923713
0.56998608
0.58172561
0.56339017
0.51681135
0.44656231
0.35958582
0.26463442
0.17156541
0.090544777
0.031220766
0.0019300492
0.0089970817
0.056180169
0.14430701
0.27112851
0.43140352
0.61720994
0.81846087
1.0235888
1.220348
1.3966767
1.5415551
1.6457947
1.702702
1.7085651
1.6629277
1.5686296
1.4316104
1.2604914
1.0659653
0.8600408
0.65519657
0.4635073
0.29580625
0.16094527
0.065205919
0.011904018
0.0012151649
0.030232636
0.09325165
0.18225746
0.28757981
0.3986641
0.50490133
0.5964546
0.66502017
0.70446652
0.7113035
0.68494674
0.62775792
0.54485827
0.44372987
0.33363524
0.22489913
0.1281066
0.053277511
0.0090788205
0.0021333461
0.036476065
0.11319827
0.23030601
0.38280375
0.56299762
0.76099724
0.96538028
1.1639726
1.3446879
1.4963673
1.6095568
1.6771681
1.6949734
1.6618983
1.5800918
1.454768
1.2938321
1.1073185
0.9066826
0.7039992
0.51112574
0.33889078
0.19636595
0.090272626
0.024564309
0.00021305312
0.015213496
0.064802565
0.14187754
0.23758096
0.34200881
0.44498905
0.53687248
0.60927626
0.65572408
0.67213462
0.65712183
0.61208553
0.5410875
0.45052494
0.34862866
0.24482602
0.1490175
0.07082117
0.018839843
3.0922595e-06
0.019029572
0.078046016
0.17638781
0.31059343
0.47459216
0.660072
0.85700364
1.0542866
1.2404765
1.4045453
1.5366256
1.628685
1.6750823
1.6729622
1.6224564
1.5266741
1.3914832
1.2250999
1.0375207
0.83983893
0.64349753
0.45952871
0.29783166
0.16653511
0.071485925
0.015896711
0.00017574423
0.021951119
0.07628832
0.15608757
0.2526347
0.35626829
0.45711653
0.54585156
0.61440625
0.65659958
0.66862237
0.64934441
0.60041699
0.52616038
0.43324277
0.33017389
0.22665121
0.13280812
0.058421212
0.012136261
0.00077111278
0.02874773
0.097696099
0.2062603
0.35012259
0.52224573
0.71331801
0.91237077
1.1075251
1.286815
1.4390265
1.5544929
1.625786
1.6482526
1.6203555
1.5437931
1.4233887
1.266757
1.0837716
0.88587345
0.68527066
0.49408754
0.323525
0.18309279
0.079968566
0.018529427
8.8748482e-05
0.022856508
0.082124952
0.17066529
0.27930588
0.39764919
0.51487481
0.62056922
0.7055209
0.76242183
0.78642271
0.77550028
0.73060872
0.65560356
0.55694341
0.44319213
0.32435847
0.21112302
0.1140103
0.04256801
0.0046148771
0.0056134657
0.048215274
0.13201275
0.25351771
0.40636911
0.5817559
0.76902482
0.95642901
1.1319626
1.2842192
1.4032121
1.4810927
1.5127161
1.4960105
1.4321226
1.3253298
1.1827252
1.0136998
0.82926123
0.64124114
0.46144901
0.30083665
0.16873407
0.072212351
0.015618878
0.00031720875
0.02464818
0.084112712
0.17176049
0.27875387
0.39506402
0.5102471
0.61424277
0.6981364
0.7548294
0.77956909
0.77030023
0.72781375
0.6556829
0.55999265
0.44888297
0.33193982
0.21947829
0.12176991
0.048269515
0.0068974071
0.0034280262
0.041029043
0.11998414
0.23761985
0.38844261
0.56447738
0.75578519
0.95112405
1.1387077
1.3070086
1.4455497
1.5456273
1.6009145
1.6079012
1.5661392
1.4782739
1.349861
1.1889815
1.0056817
0.81127932
0.61758475
0.43609221
0.27719813
0.149501
0.059231455
0.0098522229
0.001855585
0.032772745
0.097394774
0.18819038
0.29589198
0.41020966
0.52062273
0.61719215
0.69133391
0.73649425
0.74867329
0.72675314
0.67260123
0.59093707
0.48896998
0.37583491
0.26187013
0.15779375
0.073844164
0.018951638
5.9179864e-06
0.021276593
0.084031394
0.18638232
0.32337229
0.48729682
0.66823734
0.85476671
1.0347743
1.1963487
1.3286519
1.4227182
1.4721193
1.4734426
1.4265492
1.3345899
1.2037782
1.0429379
0.86285748
0.67550088
0.49313288
0.32742514
0.18860966
0.084743169
0.02113772
5.9250394e-09
0.020306608
0.077924572
0.16596847
0.27536734
0.3955989
0.51553552
0.62433681
0.71231924
0.77173348
0.79738637
0.78705629
0.74166744
0.66520928
0.56440901
0.44818615
0.32693572
0.21169926
0.1132904
0.041442689
0.0040442494
0.0065152415
0.051372736
0.13801286
0.26272408
0.41892857
0.5976326
0.78805184
0.97836579
1.1565463
1.311201
1.4323709
1.5122257
1.5456085
1.5303911
1.4676149
1.3614107
1.2187018
1.0487125
0.86232049
0.67129518
0.48748033
0.32197634
0.18438089
0.082141058
0.020062235
8.1604224e-06
0.02081281
0.078409914
0.16617043
0.27542347
0.3961229
0.51761131
0.62942582
0.72208689
0.78781251
0.82110522
0.81916876
0.78212337
0.71300362
0.61753856
0.50373002
0.38125985
0.26076923
0.15306273
0.068295147
0.015200203
0.00041711432
0.027963974
0.098896214
0.21117531
0.359758
0.53690076
0.73265907
0.93554737
1.133314
1.313777
1.4656624
1.5793849
1.6477161
1.6662915
1.6339184
1.5526637
1.4277125
1.2670074
1.0806931
0.88040669
0.67846266
0.48699142
0.31709361
0.17807045
0.076786307
0.017210046
0.00016936554
0.023337427
0.081454497
0.16677043
0.26967749
0.37948829
0.4853015
0.57688941
0.6455373
0.68476565
0.69087348
0.66325472
0.60445783
0.51998218
0.4178276
0.30783575
0.20087926
0.10796614
0.039332395
0.003594722
0.0070288924
0.053028785
0.14178648
0.27021703
0.43213309
0.61865619
0.81883354
1.0204145
1.2107284
1.3775984
1.5102229
1.5999584
1.6409461
1.6305343
1.5694658
1.4618171
1.3146934
1.1377033
0.94225361
0.74071779
0.5455405
0.36834611
0.21911791
0.10550885
0.032334727
0.0012860831
0.010879044
0.056646851
0.13155602
0.22661402
0.33162093
0.43600621
0.52968471
0.60386443
0.65174144
0.66902722
0.65426721
0.60892807
0.53725046
0.44588433
0.34334039
0.239305
0.14387387
0.066763735
0.016560115
5.4716149e-05
0.021717745
0.083339964
0.18386685
0.31943383
0.483598
0.66774907
0.86167062
1.0542137
1.2340378
1.3903691
1.5137261
1.5965618
1.6337778
1.6230735
1.5651039
1.4634359
1.3243035
1.1561838
0.96922073
0.77454148
0.58350964
0.40696817
0.25452187
0.13390754
0.050494344
0.0069487857
0.0030880578
0.035933698
0.099963785
0.18754828
0.28953894
0.3959734
0.49684389
0.58287456
0.64624906
0.68123174
0.68463219
0.65607378
0.59804153
0.51570261
0.41651107
0.30962683
0.20519395
0.11353457
0.044321241
0.0057917876
0.0040671553
0.042624728
0.1219679
0.23951809
0.38973894
0.56448523
0.75355214
0.94538545
1.1279007
1.2893507
1.4191773
1.5087821
1.5521601
1.5463455
1.4916384
1.3915921
1.2527638
1.0842453
0.89700947
0.70312135
0.5148721
0.34390076
0.20036897
0.092249579
0.024781577
0.00013106715
0.017282584
0.072167703
0.15802033
0.26593116
0.38555901
0.50594513
0.61636883
0.70717975
0.77054365
0.80104541
0.7961034
0.75616413
0.68466286
0.58775374
0.47383046
0.35287432
0.23567898
0.13301048
0.054765501
0.009190886
0.0022230899
0.036997366
0.11356421
0.22883529
0.37676422
0.54874985
0.73423331
0.92144505
1.098247
1.2530069
1.375441
1.45736
1.4932651
1.4807479
1.4206644
1.317071
1.1769271
1.0095856
0.82611247
0.63848237
0.45871453
0.29801045
0.16595877
0.06986564
0.014259562
0.00060628072
0.027253545
0.089608113
0.18053027
0.29091501
0.41041532
0.52825303
0.63405607
0.71865966
0.77481148
0.79772847
0.78546349
0.73905475
0.66244679
0.56218874
0.44693254
0.3267683
0.21244648
0.11454485
0.042642589
0.0045634777
0.0057453643
0.048783918
0.133186
0.25535251
0.40879354
0.58456131
0.77186982
0.95885613
1.1334272
1.2841294
1.4009766
1.4761742
1.504686
1.4846005
1.4172702
1.3072128
1.1617818
0.9906308
0.80501277
0.61696483
0.43844085
0.28045579
0.15230532
0.060918679
0.010391744
0.0017343821
0.032849282
0.098742473
0.1919483
0.30313583
0.42185021
0.53733305
0.63935989
0.7190322
0.7694647
0.78631679
0.76812842
0.71643544
0.63565547
0.53275272
0.41670626
0.29782124
0.18693392
0.094569885
0.030118294
0.0010843822
0.01247687
0.06637737
0.16172557
0.29433813
0.45716168
0.64074297
0.83388245
1.0244237
1.2001206
1.3495177
1.4627781
1.532397
1.5537476
1.5254177
1.4493116
1.3305104
1.1769002
0.99859648
0.80720738
0.6149921
0.43397635
0.27509179
0.14740329
0.057481392
0.0089660544
0.0023532567
0.035018923
0.10147694
0.19385039
0.3025194
0.41689569
0.52626508
0.62063376
0.69151449
0.73259275
0.74022264
0.7137143
0.65539109
0.57041169
0.46637044
0.35270622
0.23996418
0.13896667
0.059955741
0.011772636
0.001136724
0.032079323
0.10557646
0.2194099
0.36826869
0.54408542
0.73658336
0.93399479
1.1238972
1.294105
1.4335504
1.5330866
1.5861527
1.5892518
1.5422036
1.448155
1.313347
1.1466549
0.95893851
0.76225049
0.56896243
0.39087547
0.2383816
0.11973816
0.040509395
0.0032152899
0.0072123517
0.048813189
0.12163369
0.2171397
0.32535025
0.43564312
0.53760093
0.62183349
0.68071388
0.70897275
0.70410603
0.66656565
0.59971962
0.50958529
0.40435691
0.29376393
0.18830889
0.098442754
0.033739295
0.0021307838
0.0092619347
0.058010763
0.14821261
0.27660878
0.43702476
0.62076608
0.81720394
1.0145084
1.2004757
1.3633898
1.4928545
1.5805348
1.6207529
1.6108948
1.5515976
1.4467031
1.3029821
1.1296499
0.93770908
0.73916841
0.54619546
0.37026542
0.22136782
0.10732859
0.033295869
0.0014256225
0.010788196
0.057500859
0.13507479
0.23494949
0.34717418
0.46118523
0.56662194
0.65412053
0.71602803
0.74698351
0.74432414
0.70828621
0.64198629
0.55118376
0.44384195
0.32952015
0.21864098
0.12168725
0.04838768
0.0069519752
0.0034123891
0.041121385
0.12044378
0.23866761
0.39014212
0.5666343
0.75787949
0.95228679
1.1377485
1.3024944
1.4359289
1.5293877
1.5767607
1.5749314
1.5240033
1.4272941
1.2910992
1.1242414
0.93744038
0.7425491
0.55171236
0.37651054
0.22715064
0.1117637
0.035859283
0.0019761262
0.0095531178
0.055028785
0.13216055
0.23253903
0.34625856
0.46269364
0.57132356
0.66254393
0.72840452
0.76321876
0.76399891
0.73068444
0.66614624
0.57596587
0.46800649
0.35180715
0.23784564
0.13672508
0.058344901
0.011118374
0.0012957773
0.032444443
0.10512587
0.21679554
0.3619347
0.53240606
0.71800854
0.90719101
1.0878728
1.24831
1.377944
1.4681672
1.5129509
1.5092854
1.4574014
1.3607551
1.2257776
1.061408
0.87844467
0.68876436
0.50446581
0.33700341
0.19637458
0.09042094
0.024294741
0.00012895132
0.016934021
0.070727353
0.15488404
0.26068113
0.37799357
0.49608911
0.60446235
0.69364584
0.75593797
0.78599372
0.78123483
0.74204891
0.67176295
0.57639291
0.46418778
0.34500158
0.22953941
0.1285334
0.051909561
0.0080077025
0.0029130206
0.039950084
0.11937824
