4.6011353
4.6011353
4.5262888
4.3068998
3.9580038
3.5033194
2.9733873
2.4032378
1.8297979
1.2892505
0.81453867
0.43317515
0.16548728
0.023393698
0.0097752069
0.11846787
0.33486926
0.63711165
0.99772067
1.3856465
1.7685302
2.1150524
2.3972033
2.5923205
2.6847499
2.6670108
2.5403757
2.3148148
2.0082988
1.6455054
1.2560172
0.87214281
0.52651717
0.24965695
0.067647066
0.00012668224
0.058721647
0.24604041
0.55531213
0.97070189
1.4682914
2.0176657
2.5840035
3.1305249
3.6211251
4.0229951
4.3090308
4.4598402
4.4651872
4.3247544
4.0481618
3.6542392
3.1696133
2.6267256
2.0614406
1.510436
1.0085759
0.58646088
0.26833105
0.070462879
0.00016304587
0.05541869
0.22521783
0.49050889
0.82572551
1.2007649
1.5832772
1.9411009
2.2446684
2.4692059
2.5965658
2.6165552
2.5276658
2.337154
2.0604762
1.7201276
1.343978
0.96322857
0.61013743
0.31567313
0.10725812
0.0067550837
0.028829311
0.17979147
0.45698919
0.84877704
1.3350577
1.8883588
2.4753954
3.0590691
3.6008606
4.0635641
4.414253
4.6272389
4.6866379
4.5880699
4.3391137
3.9584174
3.4736937
2.9190351
2.331992
1.7507294
1.2114322
0.7460371
0.38033643
0.13250765
0.012127785
0.019730777
0.14694512
0.37721657
0.68708131
1.047914
1.4280393
1.7950644
2.1182736
2.3709117
2.532191
2.5888674
2.5362593
2.378622
2.1288422
1.8074714
1.4411727
1.0607015
0.69857369
0.38659761
0.15344984
0.022472184
0.0098490169
0.12329731
0.3613657
0.7133966
1.1601591
1.6751138
2.2262248
2.778195
3.2949659
3.7423029
4.0902717
4.3154216
4.4025051
4.3456008
4.1485515
3.8246824
3.3958228
2.8907071
2.3428809
1.7882727
1.262615
0.79890505
0.42508995
0.16213903
0.022637106
0.0099940698
0.11832207
0.3329859
0.63178592
0.98668942
1.3659892
1.736737
2.0672789
2.3297053
2.5020277
2.5699046
2.5277665
2.3792386
2.1368252
1.8208894
1.4580279
1.0789869
0.7162925
0.40178082
0.16420618
0.027095425
0.0069920137
0.11220315
0.34212644
0.68719136
1.1294103
1.6434966
2.1984791
2.7597187
3.2912223
3.7581299
4.1292311
4.3793306
4.4912517
4.4572537
4.2796812
3.9707553
3.5515421
3.0502456
2.500031
1.9365948
1.3956704
0.91062362
0.51026842
0.21701745
0.045469952
0.0015236388
0.08207252
0.27531872
0.56168645
0.91528346
1.3058146
1.7008161
2.0680533
2.3779075
2.6055772
2.7329264
2.7498406
2.6549832
2.455894
2.1684232
1.8155439
1.4256376
1.0303837
0.66241276
0.35289569
0.12924641
0.013099269
0.018702462
0.15183405
0.40930807
0.77909566
1.2410448
1.7681464
2.3282672
2.8862493
3.4062629
3.8542826
4.2005331
4.4217222
4.5028527
4.4384167
4.232826
3.900033
3.4624017
2.9489762
2.393331
1.8311886
1.2979707
0.82642883
0.44448706
0.17342115
0.02648515
0.0080782016
0.11351448
0.32942156
0.63474979
1.0023309
1.4008831
1.7973244
2.1592314
2.4572645
2.6673806
2.772662
2.7646167
2.6438418
2.4199917
2.1110507
1.7419678
1.3427618
0.94624576
0.58554279
0.2915794
0.090739126
0.0028468516
0.039629451
0.20376394
0.48858278
0.87845936
1.3498487
1.8729118
2.4136094
2.9361178
3.4053909
3.7896836
4.0628492
4.2062375
4.2100522
4.0740624
3.8076146
3.4289449
2.9638448
2.4437828
1.9036254
1.3791277
0.90438058
0.50939891
0.21802467
0.046291973
0.0013674948
0.081137906
0.27447011
0.56212281
0.91824247
1.3123353
1.7115741
2.0832724
2.3973476
2.6285886
2.758557
2.7769745
2.6824849
2.4827328
2.1937557
1.8387451
1.4462793
1.0481704
0.67708777
0.36413529
0.13655471
0.015717287
0.015541727
0.14144531
0.38989622
0.74859352
1.1972583
1.7089801
2.252026
2.7919936
3.2941634
3.725895
4.0589016
4.2712418
4.3488779
4.2866782
4.0887827
3.7682996
3.3463626
2.8506245
2.3133107
1.7689778
1.2521384
0.79491389
0.42487039
0.16317787
0.023213588
0.0097020977
0.11845131
0.33670541
0.64409469
1.0141217
1.4160858
1.8173174
2.1855693
2.4914
2.710379
2.8249497
2.8258008
2.7126294
2.494219
2.1878159
1.8178469
1.4140804
1.0093772
0.63720453
0.32910155
0.11228225
0.0075492125
0.02766982
0.17633333
0.44776776
0.827049
1.2910855
1.8102122
2.3502829
2.87511
3.3490738
3.73971
4.0200795
4.170745
4.1812025
4.0506603
3.7881056
3.411653
2.9472242
2.4266588
1.8853976
1.3599117
0.88506956
0.49163524
0.20408108
0.038873175
0.00335097
0.09527838
0.30309476
0.60684361
0.97970951
1.3900524
1.8037951
2.1869959
2.508426
2.7419637
2.868625
2.8780659
2.769422
2.5514051
2.2416393
1.8652914
1.4531125
1.0390526
0.6576391
0.34131809
0.11795493
0.008677872
0.026221296
0.17389152
0.44523333
0.82442511
1.2873766
1.8034509
2.3376846
2.8533412
3.3146083
3.6892349
3.9509113
4.0812132
4.0709628
3.9209044
3.6416459
3.2528691
2.7818699
2.2615395
1.7279377
1.2176436
0.76508061
0.40001786
0.14543222
0.015888796
0.016556298
0.14292564
0.3812473
0.70964951
1.0998502
1.5193329
1.9338236
2.3098871
2.6174489
2.8320592
2.9367302
2.9232098
2.7925967
2.5552509
2.2300078
1.842756
1.4244878
1.0089678
0.63019269
0.31982908
0.10481887
0.0053265895
0.033180591
0.19092308
0.47153987
0.85889138
1.3288152
1.8508218
2.3902602
2.9107985
3.3770358
3.7570568
4.0247397
4.1616477
4.1583635
4.015169
3.7420181
3.3578066
2.888992
2.3676675
1.8292323
1.3098305
0.84374649
0.46094778
0.1849534
0.031181574
0.0058953613
0.1058207
0.31846332
0.62310109
0.9923808
1.3944067
1.7951738
2.1611737
2.4619867
2.6726652
2.7757207
2.7625432
2.6341205
2.4009851
2.0823854
1.7047575
1.2996314
0.90114846
0.54338989
0.25771864
0.070332462
0.00020741369
0.05758308
0.24310281
0.54767521
0.95307037
1.4332088
1.9560487
2.4859306
2.9862033
3.4219337
3.762495
3.9838408
4.0702919
4.0157036
3.8239257
3.50852
3.0917563
2.6029617
2.0763448
1.5484578
1.0554879
0.63057904
0.30138909
0.088063865
0.0017827488
0.043983502
0.20632427
0.47138496
0.8140564
1.2035167
1.6056532
1.9857566
2.3112886
2.5545121
2.6947646
2.72017
2.6286223
2.4279415
2.1351929
1.7752496
1.3787513
0.97964972
0.61254579
0.31002174
0.10015471
0.0043816814
0.035858824
0.1984252
0.48624116
0.88412635
1.3685751
1.9093798
2.4717496
3.0187761
3.5140706
3.9243801
4.2219921
4.3867455
4.407496
4.2829232
4.0216162
3.6414319
3.1681756
2.6337065
2.0736158
1.5246542
1.0221008
0.59726809
0.2753204
0.073559124
0.00029034925
0.054350169
0.22531623
0.49438789
0.8358722
1.2191721
1.6111378
1.9786135
2.2909931
2.5225873
2.6546079
2.6766005
2.5871985
2.3941378
2.1135487
1.7686042
1.3876633
1.002068
0.6437727
0.34297749
0.12592976
0.013040987
0.017439054
0.14404355
0.38921292
0.74097131
1.1797844
1.6798209
2.2106148
2.7390305
3.231431
3.6559429
3.9846946
4.1958742
4.2754143
4.2181087
4.0280074
3.7180441
3.3089636
2.8277041
2.3054146
1.7752739
1.2702464
0.82089214
0.45334417
0.18756635
0.036004418
0.0027284507
0.083141608
0.26429615
0.52581908
0.84140928
1.1808285
1.5122699
1.8049497
2.0317274
2.1715216
2.2112697
2.1471883
1.9851633
1.7402071
1.4350569
1.0980947
0.76083082
0.45520233
0.21091957
0.05305746
5.6044587e-05
0.062258819
0.24108068
0.52885611
0.90937243
1.3590457
1.8486507
2.3454747
2.815736
3.2270839
3.5509956
3.7648896
3.8537998
3.8114842
3.6408872
3.3539223
2.9705894
2.5174954
2.0258873
1.5293453
1.0613109
0.65263325
0.32932134
0.11066909
0.007894766
0.023395302
0.1506697
0.37491481
0.67424661
1.0214537
1.3861499
1.7371637
2.0449797
2.2840437
2.4347452
2.4849167
2.4307289
2.2769172
2.0363364
1.7289001
1.3800052
1.0185766
0.67487744
0.3782444
0.15490157
0.026002906
0.0060365681
0.10170183
0.31133859
0.62495247
1.024838
1.4867609
1.9816198
2.4774739
2.9417927
3.343768
3.656518
3.8590214
3.9376354
3.887083
3.7108324
3.420841
3.0366808
2.5841152
2.0932331
1.5962834
1.1253711
0.71018615
0.37592834
0.14157735
0.01862728
0.010370995
0.11177919
0.30997698
0.58527927
0.91270804
1.2638826
1.6091489
1.9197991
2.1702251
2.3398524
2.4147139
2.3885413
2.2632842
2.0490066
1.7631596
1.429279
1.075205
0.73095976
0.42644171
0.18911287
0.041850515
0.0011258728
0.075648229
0.26558033
0.56239002
0.94935618
1.402698
1.8932482
2.3885488
2.8552127
3.261374
3.5790403
3.7861685
3.8683052
3.8196667
3.6435758
3.3522228
2.9657678
2.5108527
2.018637
1.5225041
1.0556133
0.64848327
0.32678603
0.10951864
0.0076855773
0.0235871
0.15076142
0.3745795
0.67344279
1.0204908
1.3856896
1.7381455
2.0484736
2.2910471
2.4459582
2.5005446
2.450361
2.2995206
2.0603768
1.7525716
1.4015251
1.0364823
0.68826862
0.38692042
0.15936734
0.02733878
0.0056499704
0.10099685
0.31135261
0.62601481
1.0263037
1.4868641
1.9774754
2.4652379
2.9169716
3.3016478
3.592671
3.7698392
3.8208341
3.7421295
3.5392485
3.2263508
2.8251807
2.3634562
1.8728207
1.3865123
0.93692848
0.5532691
0.25943433
0.072334926
0.00073760763
0.044727654
0.19582321
0.43772656
0.74765081
1.0981185
1.4590957
1.8003006
2.0935164
2.3147343
2.4459706
2.4766192
2.404243
2.2347449
1.9819097
1.6663548
1.3139702
0.95396596
0.61666935
0.33123357
0.12342302
0.013637088
0.015316404
0.13385008
0.36606678
0.70035137
1.1173837
1.5914512
2.0922427
2.5869972
3.0428496
3.4292013
3.7199393
3.895336
3.9434876
3.8611788
3.6541103
3.3364709
2.9298873
2.4618323
1.963614
1.4681
1.0073464
0.61031186
0.30082264
0.095936655
0.0048214124
0.028220817
0.15854237
0.38055066
0.67260991
1.0083794
1.3588351
1.6944681
1.9874997
2.2139536
2.3554363
2.4004997
2.3454882
2.1948125
1.9606284
1.6619446
1.3232203
0.97255369
0.63958889
0.35329215
0.13975788
0.020204454
0.0093075146
0.11399579
0.33280257
0.65582708
1.0653162
1.5368318
2.0409252
2.5452002
3.0166173
3.4238677
3.7396417
3.9426182
4.0190257
3.9636536
3.7802375
3.481187
3.0866794
2.6231864
2.1215489
1.6147448
1.1355176
0.71404422
0.37581136
0.13985501
0.017487614
0.011599635
0.11658015
0.31885539
0.59800021
0.92833717
1.280905
1.6256533
1.9337064
2.1795355
2.3428834
2.4103026
2.3761915
2.2432445
2.0222768
1.7314266
1.3947919
1.0405992
0.69904292
0.39995798
0.17050063
0.033013354
0.003236321
0.089003253
0.28952462
0.59531782
0.98879556
1.4454733
1.9357088
2.4268453
2.8855975
3.2805001
3.5842339
3.7756524
3.8413549
3.7766879
3.5860973
3.2828065
2.8878429
2.4284878
1.9362663
1.4446289
0.98649925
0.59187485
0.28565838
0.085883331
0.0024641882
0.036561516
0.180605
0.4189676
0.72923529
1.0839736
1.4528561
1.804996
2.1113063
2.3467157
2.4920757
2.535615
2.4738346
2.3117715
2.0626115
1.7466802
1.389887
1.0217414
0.67309031
0.37374588
0.15018144
0.023468681
0.0076116883
0.10840495
0.32290425
0.63955364
1.0389622
1.4952756
1.9780404
2.4544234
2.8916189
3.2592626
3.5316727
3.6897466
3.7223739
3.6272579
3.4110852
3.08903
2.6836314
2.2231279
1.739374
1.2654963
0.83346513
0.4717643
0.20333285
0.043932715
0.001061778
0.073490436
0.25145208
0.51746854
0.84774422
1.2140212
1.5857541
1.9324418
2.2259427
2.4426026
2.5650387
2.5834496
2.4963545
2.310707
2.0413747
1.7100219
1.3434768
0.97170382
0.6255296
0.33429228
