4.601682519760457
4.601135349144363
4.526288841353434
4.306899816662503
3.9580038313302506
3.503319362331284
2.9733872977179523
2.4032378483642916
1.8297978853704637
1.2892504848794875
0.814538667280244
0.4331751470863226
0.16548728249615266
0.023393698330283243
0.009775206896284165
0.11846787442936653
0.334869263562887
0.6371116532520401
0.997720668258309
1.3856464855426291
1.7685302369774247
2.1150523701803947
2.397203278577916
2.592320504512456
2.684749891267605
2.667010750080685
2.540375690873329
2.3148147684822713
2.008298813792326
1.6455053741506314
1.2560172106077896
0.8721428112070516
0.5265171749364023
0.2496569490723063
0.06764706630638345
0.0001266822376635394
0.058721647042006456
0.24604040917053488
0.5553121265010394
0.9707018886430681
1.4682913558821415
2.017665731997657
2.5840034525425475
3.1305248938669377
3.6211251202984593
4.022995112724715
4.309030798105382
4.459840152638671
4.465187156676465
4.32475442618229
4.048161801361556
3.6542391526437887
3.1696133366727905
2.6267256435775894
2.061440591896691
1.5104360332138755
1.0085759076486396
0.5864608783572698
0.2683310541062033
0.07046287901725505
0.00016304586755924028
0.05541869040750957
0.22521783217017996
0.4905088944591803
0.825725512697725
1.2007649171149593
1.5832772147265395
1.9411008912816257
2.2446683571969275
2.4692058770556353
2.5965657572432623
2.6165552293500722
2.527665769561635
2.3371539765858964
2.060476204180675
1.720127632220512
1.3439780068311908
0.9632285706299124
0.6101374343564884
0.3156731346328772
0.10725812312114386
0.006755083666161857
0.028829310500000226
0.17979147053458683
0.4569891900100885
0.8487770367311328
1.3350576872945947
1.8883587828669712
2.4753954277449246
3.0590691242907457
3.6008605541959655
4.063564141462202
4.414253012402543
1.8151181638411016
1.609082878255428
1.377140322202605
1.1321818346344847
0.8874263955831095
0.6555669659567109
0.44796883268622884
0.27396987690405894
0.14032656854023193
0.05084093935897888
0.006192759122169246
0.0039880906670218
0.03902103270398806
0.10373077526170676
0.18882216085477527
0.28400586336829986
0.3788050028896747
0.4633693974989714
0.5292371273130368
0.5699860755999979
0.5817256125517416
0.5633901682764815
0.5168113512780139
0.446562310698019
0.35958582226416297
0.26463441809052185
0.17156540612081142
0.09054477748272213
0.03122076624873877
0.0019300491548999157
0.008997081708399534
0.05618016904715021
0.14430701047959713
0.2711285116513357
0.4314035169907301
0.6172099403502457
0.818460865019603
1.0235887501252057
1.2203479538786384
1.3966767363979302
1.5415551028799364
1.6457947076494464
1.702702009377324
1.7085650994995654
1.6629276854870547
1.568629572845674
1.4316104473229159
1.2604914161282514
1.065965296136528
0.8600408033693949
0.6551965737973591
0.4635073009856198
0.2958062511774334
0.16094526501384876
0.06520591927430718
0.011904017929780662
0.0012151649242767508
0.030232635593899188
0.09325165042233276
0.18225746498226797
0.28757981149141115
0.3986640972625353
0.5049013333300963
0.5964545978159832
0.6650201666435502
0.704466519510756
0.7113034952935088
0.6849467357466213
0.6277579176963264
0.5448582657501031
0.44372986979670453
0.3336352437673804
0.2248991317736177
0.12810660437334756
0.0532775108933693
0.009078820535164723
0.002133346105461462
0.036476065377358605
0.11319826637634074
0.23030601213872537
0.38280374789264016
0.5629976249846133
0.7609972403186646
0.9653802755423486
1.1639725746349159
1.3446879329026578
1.4963672926908334
1.6095567613225898
1.677168058907461
1.694973357836071
1.6618982826545419
1.5800917904792249
1.4547680094768642
1.2938321460175874
1.1073185273002353
0.9066825950888835
0.7039991961671108
0.5111257447375132
0.33889078095636216
0.1963659491537725
0.09027262587726197
0.024564308558736103
0.00021305312323041824
0.01521349644348616
0.06480256502692266
0.14187753674920917
0.23758096189924263
0.3420088077315237
0.44498905056614807
0.5368724809489388
0.609276262064742
0.655724084248586
0.6721346240789431
0.6571218307029755
0.6120855320270946
0.5410875018644018
0.4505249382945443
0.34862866424560474
0.24482602185504979
0.14901750331469463
0.07082117020208199
0.01883984285700643
3.0922595270012255e-06
0.019029571916465957
0.0780460159948342
0.17638780763051873
0.3105934279723188
0.47459215606688065
0.6600720042790086
0.8570036364939597
1.0542866208571964
1.2404764501179555
1.404545288948554
1.5366256251429182
1.62868501227548
1.675082284768447
1.6729621892829503
1.622456381623278
1.526674081159138
1.3914831548745226
1.225099920692294
1.0375207111475078
0.8398389345567946
0.6434975321774976
0.45952871091484
0.2978316565985839
0.166535106516526
0.0714859253097216
0.0158967111656662
0.00017574423393673148
0.021951118526620385
0.07628831986983937
0.15608756618475514
0.252634704688766
0.35626829452929587
0.457116527496202
0.5458515601644202
0.6144062548032726
0.6565995842226539
0.6686223681702622
0.6493444069943729
0.6004169902418041
0.5261603766453694
0.4332427655572579
0.33017389375838546
0.2266512058297766
0.13280811562951012
0.05842121202341164
0.012136261200184949
0.00077111278449446
0.02874773033329292
0.09769609870934803
0.2062602977114657
0.3501225875144911
0.5222457275297071
0.7133180075978014
0.912370766853159
1.107525143067368
1.2868149994808107
1.43902647964283
1.5544928685669552
1.6257859965981325
1.6482526295100477
1.620355493637117
1.5437930725141953
1.423388735164135
1.2667570474329684
1.083771603538422
0.8858734466009057
0.6852706612962137
0.49408754178604547
0.3235250008415947
0.18309278702898282
0.07996856594411504
0.01852942661662371
8.874848195288689e-05
0.02285650826350187
0.0821249516830799
0.17066529029563102
0.2793058753465228
0.3976491858597969
0.5148748139674669
0.6205692208455337
0.7055209035355762
0.7624218299350346
0.7864227089186949
0.7755002783039543
0.7306087247929249
0.6556035556243893
0.5569434066394223
0.44319212703257743
0.32435846808085567
0.2111230162714058
0.11401029556322984
0.042568009590524335
0.00461487707950136
0.005613465696171388
0.04821527443865233
0.13201274553371595
0.2535177061210334
0.4063691091247125
0.5817558998151192
0.7690248183191793
0.9564290107900384
1.131962552887434
1.2842192420983602
1.4032121246525682
1.481092690026806
1.5127161113109937
1.4960104673333763
1.4321225660632464
1.3253298141298318
1.1827252381900661
1.0136997743686642
0.8292612277568548
0.641241135367247
0.46144900561307745
0.30083665165233836
0.16873407492052903
0.07221235097075977
0.015618878255794076
0.000317208748613519
0.02464817963916231
0.08411271220086391
0.17176048847415204
0.27875386647284633
0.39506402311555877
0.5102471039541399
0.6142427662441147
0.6981363966675522
0.754829404168912
0.7795690946324593
0.7703002331327844
0.727813751914134
0.6556829005243778
0.559992649820803
0.44888296922914
0.3319398159515234
0.21947829437211977
0.12176991086605181
0.04826951486128938
0.006897407061830895
0.0034280261977148257
0.04102904316281879
0.11998414018767993
0.2376198540488023
0.3884426107549944
0.5644773825759519
0.7557851851501294
0.9511240548108055
1.1387076631773732
1.3070085894612498
1.4455496926230758
1.5456272859872298
1.6009144848239638
1.607901245082292
1.5661392440964672
1.4782738793544403
1.3498609837513387
1.1889814768318037
1.0056816721406743
0.8112793210245559
0.6175847504664839
0.4360922116699114
0.2771981314404695
0.14950099697361424
0.05923145526145452
0.009852222851093417
0.0018555849761413945
0.032772745158953405
0.09739477368493821
0.18819037557033913
0.295891977295922
0.41020966051139257
0.52062272943444
0.6171921545290651
0.6913339073132307
0.7364942491074608
0.7486732882661199
0.7267531394481953
0.6726012330353456
0.5909370657576076
0.48896997519691304
0.37583491169645866
0.2618701290002628
0.15779375373249063
0.07384416363727131
0.01895163794085636
5.91798635363285e-06
0.0212765928695952
0.08403139366577228
0.1863823178189113
0.32337228975909704
0.48729682155070403
0.6682373406613287
0.8547667110019838
1.0347743041964688
1.1963487264435233
1.3286518585876375
1.4227182073872502
1.4721192710604762
1.473442592182465
1.4265492278680643
1.3345898839953705
1.2037782007443514
1.0429378866818484
0.8628574812759128
0.6755008802788971
0.4931328808582284
0.3274251429365787
0.18860965840494562
0.08474316851242793
0.021137719741537924
5.925039412284906e-09
0.020306607569185564
0.07792457196494325
0.16596847172412318
0.27536733500885574
0.39559889703556705
0.5155355187694315
0.6243368090420287
0.712319238035572
0.7717334775232765
0.7973863719977066
0.7870562904298736
0.7416674436230286
0.6652092783601902
0.5644090051700639
0.4481861514327117
0.32693571616119416
0.21169925927489713
0.11329039616361213
0.04144268933180867
0.004044249410184549
0.006515241454960968
0.05137273594892288
0.13801286291880832
0.2627240767935691
0.4189285681150668
0.5976325958169517
0.788051842781239
0.9783657892550476
1.1565463235424174
1.3112010293576748
1.4323708578676277
1.5122256564487293
1.5456085346316657
1.5303910535577006
1.4676148680809482
1.3614107495488648
1.218701752635862
1.048712540033894
0.8623204928562354
0.6712951784776718
0.487480329226284
0.3219763378605172
0.18438088905122793
0.0821410580720318
0.0200622353997162
8.160422427655213e-06
0.020812810071155475
0.07840991391994023
0.16617043376044818
0.2754234735378131
0.39612289817808083
0.5176113105354327
0.6294258202281704
0.7220868943231213
0.7878125119406819
0.8211052195687717
0.8191687577547379
0.782123368970681
0.7130036221088689
0.617538557456201
0.5037300203772946
0.38125985314846034
0.2607692281298542
0.15306272646034558
0.06829514703508348
0.015200203064156422
0.00041711431921678165
0.027963974144210913
0.09889621385206991
0.21117530884649247
0.3597580006076101
0.536900757298785
0.7326590660980993
0.9355473697773805
1.1333139871408464
1.313776998097598
1.4656623515972211
1.5793848540083082
1.647716136500541
1.66629148228766
1.6339183576011924
1.5526636820166566
1.427712519334043
1.267007357013322
1.0806930612769436
0.8804066898395054
0.6784626577837597
0.48699142237263826
0.3170936133786821
0.17807045000578486
0.07678630731248565
0.0172100459067804
0.00016936554486419173
0.023337427372053708
0.08145449744856278
0.16677043091906052
0.2696774939410346
0.379488293034374
0.4853014958284496
0.5768894073221146
0.6455373027918249
0.6847656455533679
0.6908734836343178
0.663254718779791
0.6044578292422877
0.5199821810712281
0.4178276009496947
0.3078357538354481
0.2008792604647224
0.10796613619770065
0.03933239507557781
0.0035947220259796094
0.007028892417415298
0.0530287854623789
0.14178648135042246
0.2702170258993667
0.43213308901263603
0.6186561882375858
0.8188335410267591
1.0204144943640432
1.2107284047447489
1.3775984313145926
1.5102229146468897
1.5999584440838017
1.6409461392311473
1.6305342521315132
1.5694657604007807
1.4618171341890207
1.3146934494145623
1.1377033061175064
0.9422536073481605
0.740717791500977
0.5455405020198961
0.3683461133911868
0.21911790508341378
0.10550885198711056
0.03233472679140878
0.0012860830524615563
0.010879043895494107
0.056646851302681205
0.1315560168607566
0.22661401763004918
0.3316209344140003
0.43600620712016175
0.5296847122930075
0.6038644278822055
0.651741443876956
0.6690272153139336
0.6542672102290398
0.6089280673990922
0.5372504618918875
0.44588433271521144
0.3433403897876833
0.2393049973233736
0.14387387112271496
0.06676373471996386
0.01656011480246128
5.4716149119435674e-05
0.021717745083391967
0.08333996358525925
0.18386685207289202
0.3194338253950646
0.4835979978025783
0.6677490671803076
0.8616706203175675
1.0542137321456995
1.2340377884280267
1.3903690821213226
1.5137261065113077
1.596561820965062
1.6337778333293846
1.6230734618876932
1.5651039210235878
1.4634358573359199
1.3243035244934314
1.1561837548634872
0.969220733094752
0.7745414818308499
0.5835096358657654
0.406968172619537
0.2545218739046511
0.13390753627294258
0.05049434447090998
0.0069487856785225115
0.003088057772740736
0.03593369847556644
0.09996378475427423
0.18754828403861554
0.2895389402944565
0.3959733987824108
0.4968438879183917
0.5828745588081886
0.6462490612789356
0.6812317406952216
0.684632194217484
0.6560737775990337
0.5980415325565709
0.5157026133727388
0.41651107078617783
0.30962682670931657
0.20519394884645914
0.1135345696462988
0.04432124082564202
0.005791787581047003
0.004067155291057929
0.04262472780632611
0.12196790060259427
0.23951809193702558
0.3897389420692827
0.5644852271433654
0.7535521373116373
0.9453854466666552
1.1279006794889863
1.2893507356964269
1.419177298151041
1.5087821408286906
1.552160078784601
1.5463454984787464
1.4916383566651301
1.3915920827559844
1.2527638037369324
1.0842452843620418
0.8970094662793692
0.7031213538370356
0.5148720972280374
0.3439007555553657
0.20036896543216334
0.09224957857052608
0.02478157655260195
0.00013106715055359773
0.017282583834074366
0.07216770305101451
0.1580203313408419
0.2659311606901099
0.38555901087818917
0.5059451288939575
0.6163688331549951
0.7071797457819758
0.770543649577026
0.8010454147124293
0.7961034018926411
0.7561641284022415
0.6846628586999121
0.5877537353228082
0.47383046201413126
0.35287432290539467
0.23567898077027766
0.13301048185750058
0.054765500653969956
0.0091908860010234
0.0022230898559388247
0.03699736556332124
0.11356420627951583
0.22883529024975433
0.3767642188394463
0.5487498548550782
0.7342333104613161
0.9214450525815981
1.098246952566797
1.2530069165015258
1.3754409733191797
1.4573599586851829
1.4932651084824182
1.4807479030941773
1.420664392823298
1.3170710419015006
1.1769270538805026
1.0095856459775436
0.8261124674568557
0.6384823693712927
0.4587145298169639
0.2980104476926918
0.16595876583507113
0.0698656398034259
0.014259561996606033
0.0006062807192360378
0.027253544541716315
0.08960811260072514
0.180530274564636
0.29091500761666245
0.41041531775373363
0.5282530250060974
0.6340560704371432
0.7186596558749926
0.7748114817031732
0.7977284696469024
0.7854634855541781
0.7390547502216992
0.6624467856814515
0.5621887372613239
0.44693253608035777
0.3267682960852487
0.2124464753223779
0.11454484908683145
0.04264258930839096
0.004563477677494191
0.00574536428388629
0.04878391843254794
0.13318600060419644
0.2553525095576714
0.4087935412807039
0.5845613128721918
0.7718698191805967
0.9588561267060164
1.133427159852046
1.2841293756930023
1.400976585537953
1.4761742248139784
1.5046860045816497
1.4846004902077965
1.4172702137816342
1.3072128475039888
1.1617817842988178
0.9906308002398264
0.8050127663547051
0.616964825419142
0.43844085302388264
0.2804557877182636
0.15230532499543253
0.06091867882666823
0.010391743767767607
0.0017343820940382694
0.03284928216392758
0.09874247308389549
0.19194830314577774
0.30313582502099895
0.4218502069020771
0.5373330455530746
0.6393598873791272
0.7190321983801178
0.7694647005520109
0.7863167860272792
0.7681284214386938
0.7164354422628862
0.635655474266978
0.5327527186873046
0.41670626174175374
0.29782124269040144
0.18693392344061083
0.09456988542776276
0.030118294043293758
0.0010843822364224548
0.01247687022083281
0.06637736969552292
0.16172557377913518
0.29433812811545207
0.4571616766576027
0.6407429678854669
0.8338824458447045
1.0244237206661222
1.2001206478618232
1.349517722358603
1.4627780522581555
1.5323969593505848
1.5537476179998027
1.5254176968773776
1.4493115787765098
1.3305103884487244
1.1769002268399804
0.9985964795594487
0.8072073834500145
0.6149920950488602
0.433976345245656
0.27509178681625607
0.14740329296219612
0.057481391610405184
0.00896605435466573
0.002353256661580465
0.03501892258044793
0.10147693595771631
0.1938503947895771
0.3025194020345749
0.416895693477921
0.526265075188369
0.6206337639565453
0.6915144879124103
0.7325927537004496
0.7402226388093736
0.7137143003045319
0.6553910927869679
0.5704116851398997
0.46637044460798166
0.3527062154586952
0.2399641792729606
0.13896666944450278
0.05995574097346423
0.011772635994943758
0.0011367240051087608
0.03207932306740979
0.10557645942543659
0.21940990005482455
0.36826869186434824
0.5440854153895424
0.7365833594777126
0.9339947943295324
1.1238971780870635
1.2941050071781646
1.4335504488785529
1.5330865824329536
1.5861527230195591
1.5892517812260765
1.5422035514339056
1.4481550246430839
1.3133469901321144
1.1466548580468663
0.9589385097110289
0.7622504902913068
0.5689624261274081
0.3908754747947794
0.23838159579886142
0.11973815755918871
0.04050939500353711
0.003215289945488425
0.007212351699766834
0.048813189296068364
0.12163369205923648
0.21713969890730192
0.3253502487368239
0.43564311597788685
0.5376009310471097
0.6218334889011932
0.6807138775133847
0.7089727501103765
0.7041060300266709
0.6665656505185844
0.5997196188437348
0.5095852908980576
0.4043569146258825
0.29376392632489046
0.18830889459947672
0.09844275411878849
0.03373929501852614
0.0021307837650454135
0.009261934652953134
0.05801076293744806
0.14821261113719536
0.2766087837515297
0.4370247604351021
0.6207660789674936
0.8172039424774209
1.0145083648387514
1.2004756506168808
1.3633897925334368
1.4928545337662984
1.5805348284604284
1.620752900948447
1.6108948347896137
1.5515976418434503
1.4467031119661666
1.3029820832447534
1.1296498827617745
0.9377090841335364
0.7391684109361448
0.5461954612563474
0.37026542037917165
0.2213678196654756
0.10732858792578262
0.03329586910453815
0.0014256224787497073
0.010788196358780354
0.05750085936624414
0.13507478617395083
0.23494948708096422
0.3471741845396267
0.4611852346556893
0.5666219384022473
0.6541205301304781
0.7160280315954697
0.7469835107394012
0.7443241405629641
0.7082862098344292
0.6419862917740374
0.5511837550990241
0.44384194687178435
0.32952014723806594
0.2186409779550973
0.12168724847965114
0.0483876800736398
0.006951975223876649
0.003412389133467396
0.041121385287948946
0.12044377506671203
0.23866760714552102
0.390142115807541
0.5666342997824831
0.7578794892786801
0.952286794752456
1.1377484876984354
1.3024944441445132
1.4359288767249234
1.5293877423441993
1.5767606966603833
1.5749313922134138
1.524003298082739
1.427294136689136
1.2910992460243984
1.1242413954897574
0.9374403843173826
0.7425490969745199
0.5517123554315135
0.37651053835663606
0.22715064453906458
0.11176369983994526
0.03585928334914974
0.0019761262195770466
0.009553117751981975
0.05502878493932038
0.13216054651404582
0.23253903164390916
0.346258563088577
0.4626936374541086
0.5713235641222896
0.6625439250083612
0.7284045221186076
0.7632187608567507
0.7639989050321879
0.7306844449300278
0.6661462391318904
0.5759658675258468
0.4680064922225279
0.35180714539061153
0.2378456365286092
0.13672508484936824
0.0583449007747028
0.011118373719751627
0.0012957772782513086
0.03244444268273115
0.1051258706038469
0.2167955434595525
0.3619347038674221
0.5324060632376671
0.7180085391350521
0.9071910071747783
1.0878727651109075
1.2483100115003565
1.377943975395742
1.4681672442776401
1.51295091505094
1.5092853588430986
1.4574013852014287
1.3607551229283288
1.2257776281956165
1.0614079629096846
0.8784446679566471
0.6887643612743322
0.5044658062060109
0.337003412878756
0.19637458228813812
0.09042093963848262
0.024294741313473204
0.00012895132477316057
0.016934020742691513
0.07072735311168281
0.15488403874648368
0.26068112527050613
0.37799357053802896
0.4960891085397173
0.6044623450399039
0.6936458394504484
0.7559379686889036
0.7859937246522618
0.7812348321668054
0.7420489117325211
0.6717629507332101
0.5763929070137859
0.46418778223916984
0.3450015791144532
0.22953940544824947
0.12853339646765996
0.051909561119603896
0.00800770250213022
0.002913020617498463
0.03995008431582879
0.11937823705358419
