0  3.444189685800459
1  3.482234870695882
2  3.5834989066594938
3  3.707512956556431
4  3.7913942022265075
5  3.7787555297771305
6  3.6634671929347515
7  3.5029254171976936
8  3.3801700653455495
9  3.35557909019184
10  3.4461247896997946
11  3.6164303125469712
12  3.7700938364006413
13  3.779342399618092
14  3.588298381767235
15  3.285960094511329
16  3.0251442730503486
17  2.9090835362703764
18  2.973496356712322
19  3.2075839213124953
20  3.5365622722431063
21  3.7790656637956106
22  3.7201218789575345
23  3.3563004736304496
24  2.930390901215186
25  2.6600389705330225
26  2.6188145417974646
27  2.806751424696619
28  3.185504983862322
29  3.6147462227001124
30  3.7979200013487326
31  3.509197560618221
32  2.917697499001349
33  2.3555854933250706
34  1.960349439494205
35  1.7105808020765112
36  1.554566770158057
37  1.4537273999363587
38  1.3835032529209212
39  1.3279465785401467
40  1.2758637268896285
41  1.2186706100152431
42  1.149358688587326
43  1.0622413331882095
44  0.9534005777726274
45  0.82183578598353
46  0.6711141647692707
47  0.510718366139976
48  0.3555253063431161
49  0.22201298151993898
50  0.12204033386676542
51  0.05807685378571299
52  0.023612766313433477
53  0.008132016958230806
54  0.002365381957315793
55  0.0005833793370206352
