0  3.129821157084677
1  3.158464077448713
2  3.2436362554934663
3  3.3807995495819623
4  3.5570407077766184
5  3.7470996908011514
6  3.913490568192086
7  2.7605750376425022
8  2.5384071826666195
9  2.4037487594936007
10  2.359954643215195
11  2.4061248125551273
12  2.5347925214985567
13  2.7241931666691572
14  2.0318461626614814
15  1.7023877189370915
16  1.4736244230953008
17  1.3464812156430752
18  1.3156754283679062
19  1.3803075480545473
20  1.5453513912339654
21  1.8121132788147811
22  2.1587910391446004
23  1.3622804103614619
24  1.1538543138574557
25  1.0571294168557805
26  1.0645985943313094
27  1.1745620280011728
28  1.3987231991324647
29  1.7564948216476441
30  2.253726978593181
31  1.8244421083207019
32  1.553905260263341
33  1.3863321901240515
34  1.307500577484624
35  1.2907671845601338
36  1.313802324719064
37  1.3612723572196057
38  1.4224820365787116
39  1.4891569433891336
40  1.5541307258987127
41  1.6106576503208037
42  1.652102139320629
43  1.671893212028847
44  1.6637276396113843
45  1.6220588770965254
46  1.5429057077212969
47  1.4249170791507664
48  1.2704266317696034
49  1.0860366268809531
50  0.8823264391202259
51  0.6726784050925588
52  0.4716454377619069
53  0.29335409566264403
54  0.15018614060270202
55  0.05175885594245803
