0  3.444189685800459
1  3.482234870695882
2  3.5834989066594938
3  3.707512956556431
4  3.7913942022265075
5  3.7787555297771305
6  3.6634671929347515
7  3.5029254171976936
8  3.3795926504248834
9  3.3537669737153157
10  3.4426769441589764
11  3.61191633974012
12  3.767169503463516
13  3.7824161555572573
14  3.5997228371931276
15  3.3027527467547495
16  3.0424314668708647
17  2.92370336640101
18  2.9840573556963266
19  3.2134268310663923
20  3.5378775814621912
21  3.7785214055710146
22  3.722894751003516
23  3.3653653322583095
24  2.947032441894659
25  2.6862922101248063
26  2.6564996342277634
27  2.854632862352126
28  3.234552044064032
29  3.6451652252804645
30  3.7938265298255174
31  3.4850439024611943
32  2.9042582615570045
33  2.367169933662313
34  1.99727603791225
35  1.77278710868956
36  1.6459125694433938
37  1.5820360355682654
38  1.5605413370286851
39  1.5700081059119089
40  1.6048783653378766
41  1.6637652449763092
42  1.7488307876353124
43  1.865839623266466
44  2.0245718517628797
45  2.238937636377238
46  2.5247768330956317
47  2.889899690684846
48  3.3067429105988473
49  3.6694332472891995
50  3.7972246491470143
51  3.5788288935308135
52  3.124904178523835
53  2.6587837914156864
54  2.316248439523457
55  2.1234803443275294
56  2.067740935344091
57  2.141858813286939
58  2.3555220458280504
59  2.7254995974095277
60  3.2278568314428866
61  3.6894556942434438
62  3.757899750467943
63  3.2629871334428735
64  2.5212995807896506
65  1.8959661200378792
66  1.4657573941585391
67  1.1723333420790132
68  0.9579771443192643
69  0.78932082420113
70  0.6495143431973419
71  0.5307206119150765
72  0.4296447282359821
73  0.3449128662205837
74  0.27557476501174294
75  0.22040290290587225
76  0.17774868846073338
77  0.14570677162454848
78  0.12236974102460156
79  0.10603833342468447
80  0.0953399928194535
81  0.08926499392952211
82  0.08714944126925621
83  0.08863131336273707
84  0.09359375846621361
85  0.10209795120066158
86  0.1143000180025783
87  0.13034472842238282
88  0.15023403746418332
89  0.17368095499213354
90  0.1999750390057255
91  0.22789731832257856
92  0.25572080165785827
93  0.28131467321337505
94  0.30234308621174233
95  0.3165273835820967
96  0.3219335284517098
97  0.317251663152357
98  0.30203966918934205
99  0.2768971895238021
