0  4.601135349144363
1  4.54315121215117
2  4.373614883360217
3  4.107625623700046
4  3.7730898894985
5  3.4091079840884526
6  3.059118126686768
7  4.014104735612125
8  4.013832925700878
9  3.8936140154135157
10  3.652051467889874
11  3.3046200553516427
12  2.884357812232912
13  2.4411113290511763
14  2.9323259692496166
15  3.104081829309608
16  3.1916195249337567
17  3.168903952484411
18  3.0305249368219775
19  2.783775247380896
20  2.447439669760046
21  2.0587959445052157
22  1.67628477219678
23  2.5269028530230098
24  2.8406169565208574
25  3.042477170156005
26  3.109614374805321
27  3.040741134382129
28  2.8433955094434453
29  2.5385205956721895
30  2.174342366557014
31  2.85259522415287
32  3.470319976128794
33  4.026597074217084
34  4.4902194005198925
35  4.872713298586456
36  5.197876825538588
37  5.4857802655235846
38  5.750511482388477
39  6.001809353422387
40  6.246875341268991
41  6.491774149105062
42  6.742491596741394
43  7.005745001894558
44  7.289560289022022
45  7.603537871177296
46  7.958660378543524
47  8.36651551208349
48  8.838000566314802
49  9.381910644618282
50  10.004011356422232
51  10.706938291814177
52  11.490689391685203
53  12.353163624610964
54  13.290413475923765
55  14.296652571390712
