7.7269857560614463        9.3379773051302344        10.625963873855717     
6.4570018855058473        8.6950011621448553        10.464977954294797     
8.2780031984552860        6.2479894388633967        10.621991497406411     
1.9909988519171147        1.9900007767948760        2.0610066571511800     
25.281991480147020        25.310999687031657        1.3003585634386227E-002
1.9670053099418525        1.8230088471117321        25.278981258985411     
2.0820015091354489        25.115002024239224        1.8419928748512042     
25.288990150071577        1.7809992606677112        2.0509946836843125     
10.468999685700439        10.377997180872804        10.666995041441085     
8.5639960350141848        8.4250026010992958        8.4330015213302136     
10.660989688583390        10.526002151369536        8.4190134835822068     
10.366006628079518        8.2729836102318171        10.594997087124899     
8.1760068657071354        10.598012691941369        10.415014353887834     
6.2239992860408222        10.675993393859560        10.451995261998832     
4.0079995578372385        8.4879996893175935        8.2449940018780392     
6.2300020872277759        10.427997708725465        8.2619937694373391     
4.1320049517964748        10.612985374500548        10.479991265715396     
2.0650046516351526        10.623010028893372        10.510998315817254     
.20099467340215266        8.1760003796813780        8.1590052730125233     
1.9330048789093963        10.380991843861191        8.2689994585853270     
2.0079826407550416        8.5899950182170137        10.426002342906237     
25.281003562755579        10.519991538335418        10.673970848519684     
10.591999448261078        6.3140062586296244        10.625996197999239     
8.7370017601689725        4.2929977021895844        8.4479942595425719     
10.653987468984447        6.6110164671641440        8.5550011739825003     
10.467991968301396        4.2950146578463322        10.480990373441614     
6.2720014505286992        6.2309976350086789        10.373007293414751     
4.1989997865391553        4.1980000202501557        8.2480024773968363     
6.2629991271292935        6.3649983246010509        8.3520042236390744     
6.1469954498247503        4.2139931479199184        10.165014974029953     
4.2360030953792860        6.5310038396990082        10.359006440534062     
2.1559974915727129        6.3150063176076081        10.494996479054645     
6.0002177282909549E-003   4.0779985303043267        8.3510027200064485     
2.0550026134080563        6.3910083699493416        8.3080115348328043     
2.1450006113316258        4.1450192606327381        10.535017746244907     
.12400379662811702        6.2330091271441495        10.401995317740651     
10.555999047235904        2.2069987740556587        10.506998298216613     
8.7070040114340372        25.118005459910432        8.2499996786746941     
10.725990355595370        2.0429937355284817        8.5120096162288217     
10.479011383691535        25.276980031341520        10.517999476090406     
8.3639859283748716        2.1190077430071881        10.809992739001682     
6.3919988411509925        2.1139933913943687        10.570998315013012     
4.3489933961833946        25.285002309970860        8.3909962488151848     
6.5839929831128883        2.0370089155438138        8.2660001537346890     
6.3290010423940330        25.292992529504641        10.756989384184838     
4.2620159402260791        2.1109970810680827        10.553007019003278     
2.1329994121266500        2.1299956050892686        10.504998937609507     
25.249999801149265        25.203997749549032        8.4639997990041600     
2.0880026254777957        2.3550144642313602        8.1979943432342086     
2.3229962148997143        5.6006376287587485E-002   10.467993568430852     
7.0010683724779060E-002   1.9099931422068743        10.352999546340632     
10.797000132414997        10.430996430930868        6.4230012647950288     
8.6759994599129993        8.3160018057849499        4.2839998538840902     
10.734994394256468        10.682994031596644        4.2830229089846048     
10.996989625835637        8.3549971446446030        6.3640185656627271     
8.5319958640718294        10.257010707733922        6.3450117613941934     
6.5530011227998113        10.427003534340828        6.2659993260984725     
4.2069989647892623        8.4580015452012134        4.0060044595008311     
6.3380037332508588        10.409013379325431        4.2730024521795897     
6.4429833288916498        8.3500175864552109        6.2509851908998515     
4.1920103720686477        10.552001477496084        6.3719994806465996     
2.1100002589733213        10.488995498374535        6.2989955627250858     
9.7002240425494990E-002   8.5570002990563943        4.0379972868777916     
2.1140043061188840        10.399006067472282        4.0940026159829586     
2.0750004307515919        8.2540080127346993        6.1699998621574998     
25.179995799395126        10.403002531071651        6.2010021180321253     
10.726997661707250        6.3419954981690312        6.4009954895059540     
8.4450020714856269        4.2819965014384502        4.1329973764654335     
10.676987090430080        6.3499883263424151        4.3729948484676768     
10.782006496287654        4.0860088514574224        6.4959929194905701     
8.6310056716857684        6.4199895228772759        6.4610335154080678     
6.2439999022695432        6.3410074465768886        6.2190011303486985     
4.1749965640695184        4.1509967356675439        4.1989958457443963     
6.1130219289885392        6.3349927201086995        4.1550057937385496     
6.5510103991481099        4.2899925199175790        6.1719911775499723     
1.9410039179868832        6.1719918534348501        6.1449977481353946     
25.152002001835744        4.0329960226360884        4.2019960604873425     
2.1269924815256434        6.0079976038585094        4.0209976631728832     
2.1239917265015866        4.0520069252494881        6.1370090423372954     
25.282011690555255        6.1950096632726899        6.3700033210113833     
10.627004242350852        2.0079968965464765        6.1879994819366715     
8.4489990683173009        25.289999786668911        3.9810038108798627     
10.620005136630622        2.1779944278035943        4.1190010120242562     
10.670002350768522        25.306011771778142        6.0419993430063039     
8.5050241027998048        1.9150169960186170        6.2019895124691953     
6.4970043739084229        2.0370040385793797        6.3070004775759712     
4.3999993506376356        24.974003615859150        4.4609986057863082     
6.2840121170290812        1.9859921025690717        4.1389919463023874     
6.5089997640862087        7.3003445269665540E-002   6.2520084245014500     
4.2980067344403965        1.8689953391166463        6.2869835106947125     
2.0639983347742183        1.9679944042392581        6.2059991371057892     
6.9998117505894769E-002   25.015995812427313        4.1469999181060002     
2.1420057725788082        1.9420078154360880        4.1340010716038957     
1.9990101780628140        25.249993201918432        6.3590139607505520     
25.244995337122667        1.7819973273832104        6.3350034870347125     
10.624002436568935        10.592003856119996        2.3139963135170984     
8.6839987966019692        8.6359984202958184       0.11500135468377355     
10.575994663934491        10.474998076122702        6.8000799690228778E-002
10.678988792528070        8.3450000275501921        2.2239794335797911     
8.4559982092265891        10.569001306122704        2.2560080256260400     
6.2909998549556585        10.507997974341279        2.0850081128875622     
4.3400002248962313        8.2030007583177369        25.294003452283153     
6.2780110245084666        10.533985402491341        3.9996938130851437E-002
6.3640014132913096        8.2660091245449987        1.9300052796044473     
4.1480039522787511        10.549991750672644        2.0010072363667848     
1.9689959139253133        10.526997518871346        2.0959989104111059     
7.7998910638531732E-002   8.4380011011004434        25.297001446511594     
1.7310082872421653        10.393006855449984        25.290004374625010     
2.0020077180131448        8.5140019369470412        1.9750008751259132     
25.118009278680663        10.702996663494009        2.0749895030159760     
10.665995488912698        6.3300020993977020        2.0930039393159054     
8.2639984702288984        4.0820043128763110        25.148997553146273     
10.829995108593717        6.3609994967482484        5.3004389306451981E-002
10.518002798185519        4.1759896370217175        2.0109961811417554     
8.4420018341156791        6.5099941989502268        2.3630082099277674     
6.1969936275734527        6.2240061470683097        1.9679972452477814     
4.3550024256688777        3.9470033237375417        25.210000931577625     
6.2730041326675687        6.2399878261949997        25.195992174404779     
6.2940050956623015        4.2449930874571864        1.8800178493611650     
4.1590092251418627        6.1709950227840356        1.9610001406675786     
2.1340005677558129        6.1840034586053179        2.0830009934344558     
25.216999130255402        4.2070011449393183        25.141000218898203     
2.0489923447471328        6.1190063128476675        25.286995296716508     
2.1130047192689489        4.0369999619474388        2.1690073352457788     
25.286997110798989        6.3020086531492021        2.1900069468182233     
10.546000241896678        2.0110008862070008        2.0350076362090621     
8.4689961521163948        25.268999197873924        25.239000009715902     
10.696001419607670        1.8250056741698442        3.1008449734398012E-002
10.586006002977328        25.307012771880704        2.4540179694448692     
8.4189886864908825        2.1400100834821232        1.8039937918736140     
6.2069984408251848        1.9709919856166933        1.9839992812701248     
4.0470034318490855        7.5001233601421857E-002   3.1001303015526064E-002
6.2909866496486968        1.8920078392248791        25.249992488029697     
6.2410040606677057        25.210001883841109        2.3239929764814549     
4.2370013723329878        2.0910002188276442        1.9579905973946239     
4.1410174002547402        6.1139927799842360        6.1999909513235307     
14.688996251005326        14.554000713952956        14.768994675952349     
12.689997246885689        12.546996297788224        12.592002903426041     
14.756992577540624        14.338006969842702        12.608003706410246     
14.900995926121473        12.545004983148477        14.702012279842343     
12.537008693133089        14.491002424560319        14.836980893552150     
23.373994599459678        23.103003301536578        23.241001532579521     
21.066995162827251        21.048001567411724        20.915005166556497     
23.410017751438723        23.269997095843333        21.011007106625943     
23.321005024702167        20.844994097079585        23.191006617741046     
21.166993856943520        22.890995679846892        23.246995715041862     
19.036995968380904        23.053004151729301        23.229000779933408     
16.844004160305392        21.008001055677592        21.054999366167909     
19.207994949824009        23.129000110859049        21.045006650636108     
18.712008286791491        21.049976451039974        23.251985826993408     
16.753999380390731        23.275011393465636        23.296989478815370     
14.761004388876501        23.118997151655446        23.137005367998565     
12.448000827613058        21.213999599300333        21.213999126326122     
14.995003697588137        23.080991297000633        21.040009329830333     
14.590990344813935        21.020997124292574        23.110987274695379     
12.529011330704540        22.873009795911194        23.150004773491389     
23.226002841828326        18.929999080564063        23.119005572916720     
21.098001787499260        16.939998102019068        21.268997055467430     
23.333001835790295        19.072004104247494        21.105999262491505     
23.311011763820439        16.838003221215697        22.937011010006362     
20.965003056449767        18.982012718115676        23.186001949532685     
18.883996387124622        19.025998327249493        23.148002959357214     
17.020998020000345        16.802994815425826        21.079002318970165     
18.735001211768619        19.106982215571417        20.909006322342773     
19.071993804418216        16.899013525220678        23.023997699759818     
16.820008674141043        19.042006670318560        23.226999075395142     
14.765002052985288        19.107002619010089        23.015003020398300     
12.455998275309375        16.853995457075541        21.081000143899267     
14.935983801985344        19.096000779477631        21.030007191676425     
14.960007936890221        16.901998894836765        23.121021396842327     
12.713001965517163        18.913010910834419        23.035994904078937     
23.116000338146424        14.686004181509933        23.174002983635958     
20.952999890386032        12.595996429156651        21.167998292459274     
23.289993535711655        14.710991146826965        21.204002431036823     
23.038004917230420        12.706987051123781        23.287992457055221     
21.007998439871262        14.913002207193445        23.048994302506191     
18.976002096001057        14.867004341959396        23.095003311115480     
16.843001505438608        12.576006150737422        21.023997475062622     
18.923996237753315        14.892010838092352        21.078982815945647     
19.048000498650783        12.739002239781923        23.059001169716151     
16.775990728561670        14.652012495611890        23.110991151634881     
14.780010422898043        14.596001863782600        23.104001733062496     
12.510999257603856        12.356001973601430        21.317999425354024     
14.585002776914477        14.457002055187990        21.004001229164665     
14.873007857260390        12.555005970827413        23.367981792794872     
12.648003142267600        14.791992542029170        23.274985998331267     
23.396001479619162        23.146006934743401        18.889999812343166     
20.985995670865307        21.291994014233584        16.667999715781846     
23.299007828455981        23.110998485486693        16.752989311637339     
23.300996139897585        21.089997682838302        19.056007038061825     
21.136990886212807        23.156004464767161        18.787992135460286     
19.047998956854876        23.025999876139721        18.952004150132652     
16.874002852651255        20.964002634902723        17.076001642181218     
18.909012125982052        23.019006732268306        16.926984499054836     
19.130996016348082        21.055004727888281        18.844981735420500     
16.926006964486717        23.272003123163820        19.076989331342727     
14.759003091399292        23.178999154955438        18.908998965108381     
12.895003391188519        21.163998579126087        16.873997732487087     
14.730013747114921        23.142007419469564        16.953985813961523     
14.953011762951869        20.910008576111196        18.617004178403583     
12.566008515166585        23.040002192470631        18.894002404383613     
23.292996576794177        18.967001899258594        18.895005511501257     
21.223997182537900        16.759998991310532        17.068003053449349     
23.404992237060274        18.913005245810627        16.945011337206928     
23.197002361921278        16.768012290302103        18.754004671688030     
21.217991887117790        18.974989704911312        19.030996540877680     
19.112002398911638        19.042992590861861        18.842001399150003     
17.013996674308622        16.972003870339648        16.923000144555466     
18.813996399130168        19.283990654091681        16.745009171922216     
19.233008986092258        17.001990551316609        18.787007563157292     
17.018013877983524        19.107009724583286        18.906001045516383     
14.976002633772028        18.887001513223336        19.056000741341379     
12.401001015061892        16.910995525644580        16.893002539043554     
15.012000598917089        18.918004323940888        16.931991515109708     
15.111999189591957        16.911001136328608        19.175991514208288     
12.617999674463139        18.771007705380214        19.016020750025245     
23.156998368901583        14.729994514086213        19.118002893226304     
20.951996088752121        12.671001029366250        16.946005645587242     
23.246993511646334        14.740997742213535        16.986011592658343     
23.027004098901109        12.570001344235813        18.879999918634102     
21.202013181823869        14.747017405297040        19.230994441572467     
18.877001097522125        14.821995839925416        19.064998218664773     
16.873996218186562        12.650996151684875        16.941002365328096     
18.899005224954564        14.751992108590420        16.926985107985459     
18.994001752070425        12.732971053929068        19.116001416528565     
16.840989807742346        14.860997586977936        18.889001650590586     
14.810997229823123        14.715001384353606        18.987000654691919     
12.524001029241395        12.331998994951086        16.890999447316258     
14.549994208196903        14.906003482603715        16.763997512118248     
14.974022562712312        12.467999320288683        18.973999346624471     
12.610991448990646        14.780995870365754        19.058990753477097     
23.315999962943390        23.067997562713703        14.659001273502582     
21.159998025412126        20.939994830111321        12.744002915768684     
23.187996841663246        23.342990252239353        12.526992888655370     
23.207004289077840        20.920004808026956        14.544994658129523     
21.038009523846636        22.985987664017664        14.755002572585150     
18.945999853635946        23.160007591360522        14.769004005375040     
16.802001256900017        21.007002499167992        12.646000555858796     
18.998995881664982        23.068990597883385        12.606980749532170     
18.810009594954362        21.086998306863698        14.594995427090034     
16.778007215337329        23.316008172508230        14.731007336724836     
14.727000161641389        23.155997539486282        14.752998145287023     
12.758993715208115        21.037002432520531        12.770998161698662     
14.661001960752772        23.063005931664023        12.609000003158721     
14.755003284148374        20.954005696553537        14.704993800538249     
12.666006771188595        23.072001163305796        14.607006675194832     
23.121003627221505        18.934998482094141        14.823997740402771     
21.166003153289886        16.896000425462031        12.565002134853570     
22.961994976936236        18.738026788213141        12.592997909820905     
23.048007364274500        16.799996765837673        14.721013011559961     
21.187002952865132        18.850993318266042        15.132992957845527     
18.798000507520126        18.965999879286372        14.701001273473020     
16.814000144412891        16.842001646714881        12.833003998872892     
19.101997692544519        19.042978127132479        12.746990961457335     
18.973998980746661        16.785992420149558        14.673002907883816     
16.741993459859454        18.838000223513991        14.561999515980402     
14.649001286667289        18.853001075941307        14.772009971847771     
12.694993091102074        16.738001811571433        12.471998103527008     
14.719008649728918        18.895000452552384        12.558992243662132     
14.643004373914589        16.695989558852702        14.639996209027769     
12.700991324288580        19.056000123040675        14.804005269021491     
23.073006411566730        14.681001167797120        14.928002574242699     
21.281999777759726        12.604996204420008        12.544995904856021     
23.192003376739226        14.684014846730934        12.435997222245490     
23.066008247344143        12.437999123177567        14.656009213619301     
20.997011036908113        14.551010144712913        15.039002996432242     
19.039995498524672        14.731996854503063        14.836999629275152     
16.740997631498161        12.525002252468433        13.046001043294243     
19.252992295074090        14.723999649213015        12.740980100301448     
18.989989872567634        12.628998686912770        14.758005317708340     
16.853998530722038        14.850022026366211        14.877998536366110     
2.0889933047288176        14.672997807060337        14.745005837786124     
25.193000270588378        12.625998996466356        12.406005627482216     
2.1050032946779424        14.638012235489944        12.541017789003591     
2.1650076843657611        12.602006117310570        14.699001079052053     
3.0993444927581010E-002   14.790016316196875        14.782016563615375     
10.425001224777491        23.118999782084511        23.110000539393120     
8.2939996249286700        20.963996872948549        21.183999841181862     
10.630004595880338        23.382016375512141        21.001996111291124     
10.355004982154290        21.044996639149481        23.053993767555131     
8.3210056448262222        23.250014771718721        23.130995162668281     
6.2730028400839259        23.127006492177074        23.077001172607236     
4.0830070491667234        21.010001466163466        21.259997765776660     
6.2400173814820441        22.807019075106620        21.049999877585421     
6.3530004600517369        21.032002743617316        23.342990210027008     
4.1809878930764786        23.154012875224879        22.988005070597762     
2.1640020028538407        23.232999263134282        23.278999447387658     
.18200060148034639        21.131003715287509        21.104000122303361     
2.0119879586241654        23.009997961637158        21.122990078083177     
2.2869977937022719        20.892998032729697        23.107996872182319     
5.8002115229925967E-002   23.133002716776041        23.376992524479995     
10.506000167088963        18.884997301807466        23.247998508040354     
8.4509978347492929        16.880996455902942        21.298001119555742     
10.594992296222516        18.610987249743268        21.226008718589469     
10.534993428387983        16.738997655114634        23.581003578250115     
8.4049967499961902        18.958000784550592        23.117998552514067     
6.3099915116017469        18.730002598256238        23.187002297988965     
4.3100047979045124        16.613997954333037        21.111006015032995     
6.0780160285444182        18.722001104253355        21.180993846514198     
6.4490074505432391        16.726994661677232        23.073999832625375     
4.1560051868668832        18.789988970999900        23.346001806806633     
1.9449959588312886        18.834000770960063        23.213001897675824     
.17200026661589871        16.941003210643061        21.041999332054449     
1.8909895344189638        18.946003569583219        21.071007658115171     
2.0690034099197718        16.774993716858589        23.086988658105895     
25.289003519181765        18.850984620484571        23.374998023220641     
10.529997375291563        14.598994297046390        23.360003856125704     
8.5349958971252100        12.708000166091464        21.249994921932217     
10.470998845437995        14.593993435215205        21.219006040665761     
10.518001814893998        12.486008876337310        23.044982143861073     
8.4620057362743424        14.658004229053176        23.195007281936853     
6.4790039278529674        14.730000997694024        23.204002573829239     
4.3439970290485093        12.444005061962336        21.183005363039946     
6.3920049384755888        14.542987549785533        21.210003880682365     
6.4869946340234339        12.540001577075561        23.250988297411936     
4.3920037183453147        14.895986495971144        23.348990417120888     
2.1420010416399009        14.720999468947458        23.256000677645790     
25.270001513458180        12.373003329443970        21.123999697401885     
2.3150089424849707        14.725016326036830        21.129004840329383     
2.3439959100789878        12.641999736577226        23.207006493548064     
2.2992439148306541E-002   14.723995208232552        23.353998673661248     
10.567007482640943        22.997004125934478        18.911997036872624     
8.5280026610742148        20.981994090696350        17.076994860447837     
10.628002571029306        22.778992817969229        16.884016277487593     
10.514000815657568        21.083999643128102        19.251980077231707     
8.4500141182578936        23.057006629057678        18.946992026313794     
6.3060033213521374        23.091996271850014        19.058995218763325     
4.3250028151120485        20.729000682295244        16.962001029186780     
6.2339917097968591        23.105002585002470        17.100996087167147     
6.3740098509165053        20.888007320079609        19.139016749259628     
4.2060001374769787        23.311991267741661        19.213992207082072     
2.2080053277547909        23.304998682923838        19.077004144843787     
.15100351164204848        21.040001270464586        16.855006622231677     
2.3100057019709781        23.202977222939303        16.923988048983883     
2.2029962654704822        21.194989538468064        18.994003859673590     
1.7993072748895285E-002   23.344995472928478        18.949989826695813     
10.514994369577828        18.980000678076252        19.063005146496941     
8.4980027579889015        16.834997244929593        16.797005051363445     
10.282999505287876        19.145001126038423        16.826007607958406     
10.497003373552470        16.776015732528862        18.968008272340192     
8.3549993477600015        18.848003180107721        19.107995267560955     
6.2850045317962655        18.806002446403983        18.971998382231725     
4.2289920959332115        16.534003509289278        17.146000552663867     
6.3680073765366600        18.756987874684963        16.906007832362214     
6.1759872369723183        16.605982292297412        19.073018029279375     
4.1690000066546054        18.881008119416290        19.039998024675803     
2.1719973825888723        18.819002683989051        19.113002235133013     
25.267002735939876        16.716001878898190        16.852006324090951     
2.0789993026087665        18.855985731679340        16.924993311601586     
2.2319961277596225        16.670996550721227        19.052985065733903     
5.1008459732889339E-002   18.739992005964140        19.012997650395953     
10.570995639550288        14.728004720728013        19.119007674450931     
8.4490075823161632        12.638994263450680        17.018002346174939     
10.380994236155111        14.433986779069796        16.945990071240384     
10.616001845666005        12.404006531877270        19.035993019696374     
8.4529880097301984        14.722993630126917        18.974992908257928     
6.3379951212917627        14.515994546652800        18.871008012489021     
4.2859976611422352        12.426000879040352        16.833997933136704     
6.4059809173313473        14.902010783751370        16.808011724567379     
6.4889880631615355        12.419987022810796        18.834997216815378     
4.3490131170659874        14.426993197655907        18.940004266699539     
2.1940055055323877        14.391004453242994        19.103000624557556     
8.7997231686757438E-002   12.642997980782175        16.739999771086833     
2.0799984764103754        14.425020459621768        16.848995463333960     
2.2619938997060984        12.418996094695455        18.988003053066663     
.10900182352571533        14.437009119007609        19.174983597218933     
10.566004700775709        23.186999171335408        14.674005085009977     
8.5940006569201408        21.067998249471973        12.654996365345005     
10.524999073802137        23.040988579984777        12.717006336899319     
10.496997453894140        21.021996434747411        14.533990683956510     
8.3569957779489830        23.073998779870660        14.852999355943625     
6.3029989391335057        23.066995924315613        14.872997883999613     
4.1780011096193101        20.799000310836540        12.694002260603533     
6.4550057091865671        23.101006630286797        12.754008534483916     
6.2639819460936028        20.999009791495180        14.807989618747154     
4.1339929933659390        23.111994827071761        14.767988837376867     
2.0719968251504328        23.135999632482584        14.784999885390251     
25.271000213538400        21.066008733179455        12.647000193625040     
2.3180021324076505        23.207999089336909        12.589999495203312     
1.8160077414718021        21.087008485187710        14.855000184453171     
25.311983065654641        23.082995623847783        14.684987125000248     
10.616004823977391        18.964002501129492        14.654997079905584     
8.1649938065324292        16.830997551830073        12.873003037424020     
10.451006393843098        18.757001669044183        12.596004372238216     
10.769991629371871        16.770008080281976        14.718992180134231     
8.3540025326283178        18.963009625200257        14.492995713325277     
6.3220053265081049        18.985000148572613        14.879999790640108     
4.3789993994695067        16.722998639396888        12.659996532392304     
6.1490101631098515        18.983011052249687        12.683999387736643     
6.0930048516044595        16.904993552879304        14.862984445202020     
4.0509923142629392        19.050996802764111        14.749000939155039     
2.0989974670829699        18.742999666676937        14.782999019565700     
25.032996573809054        16.674002512844666        12.991002685173608     
2.2279887663671345        18.940973025987677        12.824995381804646     
2.1679926450831579        16.575998000472548        14.821994265959594     
25.282992587345870        18.735013514914197        14.864001497857016     
10.495996818865875        14.627001529780495        14.750998076618643     
8.7010003556403213        12.716003380318966        12.655000958228138     
10.317997570230531        14.737010988842030        12.635984592826205     
10.546995338295140        12.613986863507243        14.647003398245568     
8.4759803133546079        14.831002295807190        14.745995599884932     
6.3570001362601287        14.736995100203961        14.692995882037060     
4.1579997210491424        12.414995882305391        12.710002391578701     
6.4120067397009572        15.026010454808372        12.544987847998806     
6.4169975299804802        12.672007198561374        14.679013688162632     
4.3579969245700978        14.469016038934758        14.503997903158453     
14.684004639600920        2.0700003120072297        14.831005789239919     
12.870997813454988        4.5002312159304440E-002   12.691000393951363     
14.885993200682085        2.0420059508426909        12.774986524842301     
14.560997477758260        25.210015025509858        14.949003620415381     
12.627004249550891        2.0469973440360953        14.781004590152101     
23.247005739368046        10.607990838236249        23.179998439897822     
21.204998048690307        8.5470045373997969        20.990997340551157     
23.237005606475588        10.486008000903858        21.090002541721965     
23.412996184577878        8.3850116629517313        23.285996219810471     
21.126008096482739        10.610006983113466        22.975988647582572     
18.986001114797098        10.578000437938538        23.206007051336222     
16.914003561026291        8.1159985365551979        21.414004667173728     
18.843008554536951        10.532998369685231        21.103992553704909     
18.979005666973894        8.3330147168023725        23.330014429663773     
16.854996161546953        10.556996453384381        23.249994402305830     
14.715000171869200        10.532996848231637        23.260998222069251     
12.826002363559097        8.4269995560715021        21.035998865794920     
14.722998489208164        10.238998925740624        21.253993043036225     
14.750008449490441        8.4130076020540479        23.209988722499958     
12.678989746501673        10.521005183316657        23.328993774139093     
23.324006294862148        6.1639958170452109        23.126999787161022     
21.283995048561042        4.3160015312819660        20.927996283672858     
23.333001900442429        6.1899994294823646        20.855991174589857     
23.212007419770845        4.0560138973321731        23.131012942843022     
21.243002807540265        6.2660040429655925        23.012005223982989     
19.083002838297087        6.2420035174857418        23.297000420021899     
17.009996020784484        4.2430004345282963        21.075001516046001     
19.008030938392071        6.5930117758153290        21.009001679354181     
19.020996204728391        4.2570059159661726        23.018991019918776     
16.941993168401652        6.4129960670962713        23.341004325461260     
14.835002307916241        6.2200006038874429        23.401998025903325     
12.492996921054530        4.2359992401985878        21.091996700713807     
15.199008281962859        6.0419920106933391        21.213996688743684     
14.779024088595346        4.2389948924879173        23.256006846262338     
12.809008931002563        6.2079786800386696        23.411999437689108     
23.226007006860947        2.0199998632981844        23.076999608672018     
21.007004595391589        24.968998928643817        20.905997968626693     
23.198005369746287        2.0330299878639853        20.967000610441428     
23.172002325520200        25.185994676327923        23.314980211571381     
21.050984950907260        1.9109953791583767        23.182997895239509     
19.085003843126827        1.8550011920905571        23.176995097422054     
16.876999104343618        25.238004934910588        21.045999635357440     
18.905004483462793        1.8290083745071988        21.012997174576043     
18.981996460856532        25.124992457027790        23.376000176392228     
16.809999285086725        2.2280162436839066        23.170995016282237     
14.762005724596873        2.1690071051022994        23.166001332383875     
12.521001389740658        25.232996880937161        21.121999204523529     
14.842009508395035        1.9440084254233578        21.102998687244224     
14.633008849577815        25.209997790050561        23.094001909352194     
12.662997334705160        2.2080037861610053        23.201003525198956     
23.224996978065807        10.436999674054251        18.871000503973764     
21.097998056873603        8.5339990805698953        16.882000502924104     
23.397004210061183        10.508999981874121        16.912014709656454     
23.188992631654720        8.2320072938144992        18.848017564170902     
21.060002514273986        10.372001999868145        19.111991925758446     
18.957000455208092        10.477006278877980        19.047995456823720     
16.950001014512278        8.5509964223882786        17.070003628674637     
19.171002371203070        10.594011664797312        17.007005844513262     
19.068998688916199        8.2770138328161291        18.771992861715390     
16.997008097264249        10.469984727184537        18.924999911809195     
14.954000952093304        10.376003121567411        19.136998543638651     
12.688000437081925        8.3969997201953834        16.772003470943670     
15.109988954828523        10.374992738654546        16.844997559712152     
14.666002920913671        8.4209923240126390        18.870985535022399     
12.751004345260679        10.579998803097249        19.132005412098710     
23.243000370631407        6.3039979159880906        18.860999963179438     
21.108999366507099        4.2759985550955513        16.999000579480438     
23.274992034871097        6.2679964543269717        16.684998405755550     
23.308009184923499        4.3090011256559819        18.837022155697976     
20.970014319029474        6.1750009223895495        19.070985646528481     
18.984005016063996        6.3659996759833328        18.994995804157789     
16.958997099810361        4.0819978578314906        16.829997963313460     
19.144983979399701        6.1780059645620682        16.881984571163361     
18.983997607721356        4.1860125017710450        18.985000053803567     
16.916993418907818        6.3069979849263147        18.910002148489802     
14.836003402982007        6.2190011306718711        18.883000832326204     
12.823997391138251        4.3180037045304669        16.918000701347800     
14.589994043535118        6.1189997562724159        16.896999587141892     
14.955991694520923        4.1949883476211269        18.942010237353799     
12.787002663373604        6.1459943323363095        19.070993677046914     
23.307001963530784        2.1409998665126206        18.956001715493429     
21.093997328857149        9.9996207734470210E-002   16.915001700519497     
22.974991567293905        2.3530112498867970        16.857998345262942     
23.338997960560175        25.256017963342824        18.793005338280416     
21.076002491392838        2.1389784527755680        18.951016987734778     
18.980003863187832        2.0980063554129451        18.979998076511304     
16.869001243896285        25.207997305011965        16.752007214621997     
18.603009958376319        2.2430031006033815        16.922013395759134     
19.142007257817117        25.258991615335425        18.855001509562353     
16.792979712944142        1.6589917052114318        18.952008666530848     
14.815002221666111        1.9319978819771111        19.025001644829494     
12.539995397291726        25.270002637640562        17.092000296690014     
14.673997113528754        2.0380017310244862        16.941995837857366     
14.604016813759385        25.179016073866201        19.004003218953798     
12.610008205679126        1.8680024014672130        19.042995516057314     
23.194003103956803        10.367996634339303        14.675000859486246     
21.255004675236766        8.2190027062348534        12.539000451820987     
23.180997979808151        10.377999633193468        12.630995641884091     
23.471010925896927        8.3739995018502640        14.734997174296772     
21.101996658108835        10.536995975056895        14.734008212235048     
19.070996404804660        10.550001079655235        14.784993133429277     
17.130999787136862        8.3879970547082898        12.720999821928496     
19.059001998913459        10.304004612760014        12.665997638359350     
18.953994222493893        8.3580137434251967        14.955011998940261     
17.015002602629909        10.567988851196173        14.753996444943478     
14.950001398060715        10.360996867538516        14.675000876554655     
12.781001972092708        8.3429981226606333        12.792002619782748     
15.093002191638563        10.327003845308896        12.730987520090762     
14.809996782372584        8.3750008164426770        14.687982886193330     
12.766997699510961        10.359002711755270        14.736994619300983     
23.323998697642669        6.3480025980294403        14.653000747970381     
21.259000014710910        4.0460001166310109        12.572998247060367     
23.485989742945982        6.2630046708366587        12.650999208352118     
23.171013387772945        4.1180085012221985        14.435999650663272     
21.143010634299060        6.7299933896890645        14.594014136997123     
19.078000108957308        6.3779990355501841        14.860996433836505     
16.969000126373739        4.0199999142338303        12.833998963253181     
19.092986065860114        6.4339963212961102        12.820007119184506     
19.180991906899955        4.2749920170745277        14.726002938295542     
16.951995755944477        6.2879970571801138        15.057013697656030     
14.850003189977411        6.3000004966347403        14.700000798767912     
12.811000022266734        4.5340064462426142        12.710004334464262     
15.015004003259744        6.3020180423694470        12.610995859577637     
14.831998696121138        4.2930082604844744        14.732998315575511     
12.752009919962134        6.4949972513105161        14.611998429314660     
23.239999581551441        1.9980004774859845        14.800996058349233     
21.072999089847571        25.136000774048757        12.436001101365864     
23.368999647803054        2.0299978526151659        12.564005368858512     
23.228986547231326        25.229993359039760        14.548987419455802     
21.188995981390590        1.9149984592529956        14.839007766215355     
19.077999433468339        2.0519897889216767        14.866993959302434     
16.934995886111420        24.940000538494751        12.661999626975220     
18.982996604793929        2.0180101216792692        12.791991370653651     
19.243016166274476        25.317990179513902        14.886002031950721     
16.746993165097546        2.0889993622607794        14.773995840262797     
2.0949986576056641        1.9669952064429528        14.798001640074348     
25.291999547377657       0.10399931471000941        12.553001937530057     
2.1980022133775958        1.9210057046889764        12.543984084838652     
2.1790139984661505        25.315982998073078        15.088993505315742     
6.3006391603313991E-002   1.8389994244181027        15.120986893555422     
10.573998523941993        10.339000351463927        23.288002009246966     
8.4919975674310564        8.3309976089733926        21.027002180224166     
10.406015955207856        10.333013375577954        21.035004875280961     
10.922009175503780        8.3879827312249695        23.188007661585612     
8.5419959664376250        10.572000248486850        23.543001869779633     
6.3079999032853324        10.351003835085507        23.213000457121804     
4.5379990349207677        8.3789997156795071        21.150002929691532     
6.3250021302152017        10.257008971409803        21.087990112687162     
6.3909992265133617        8.3279893875842230        23.320994624402143     
4.3430067318083472        10.393015517572428        23.056994300010409     
2.2460001359850033        10.487996935953282        23.183004900533749     
25.269997671043910        8.3769990586087673        21.078998694037846     
2.3339945835059206        10.467000081585585        21.092997316705571     
2.1789971697414918        8.5229797481060352        23.167995006543290     
25.290991947037430        10.658992880603716        23.143989211394530     
10.681001704923240        6.5009959358044958        23.323000582682742     
8.5189998219505139        4.1089939566988338        21.131999780048190     
10.542997777637739        6.2799912498102657        21.015991008133373     
10.442000701392955        4.3140017102379327        23.363983566593035     
8.4429885162162375        6.2119935467473901        23.166988765302026     
6.3509941025417422        6.1459990216543376        23.147997180071556     
4.4459945779936962        4.2319952542774564        21.010997121709735     
6.4999947437906345        6.4050080455190415        21.224999802026531     
6.2919952831511905        4.0360156902249198        23.155002880938252     
4.2269970459206672        6.2950086413708242        23.205005851950297     
2.1540024412412393        6.3069968612057847        23.130003518016380     
.17299954393284134        4.4289961609751414        20.720002260318918     
2.1789955334473681        6.2600046414735955        21.002000294828100     
2.2269870690047968        4.2409997281015261        23.249008715790442     
7.2975651365424263E-002   6.1380017032935790        23.052005995385116     
10.628998750979029        2.1409974523381243        23.216999739685470     
8.4699978970903302        25.135997832402904        20.938997977208789     
10.574016573509939        2.0180189158058495        21.066990179849064     
10.394993722970792        25.254992176030068        23.177993758909274     
8.5580073195928748        2.0810034399705297        23.188983783786799     
6.4620064496072374        1.9099942918637627        23.187001902496164     
4.2379973459402844        25.246998073604281        21.017996673251954     
6.3720042465003708        2.0230009719176674        21.113006907653261     
6.3130021148393531        25.080989131471291        23.070001978194792     
4.1220096093546346        1.7459962733328731        23.211993135555314     
2.0340016197227531        2.0439992675142387        23.132004057376697     
25.272005696609792       0.14399632471457563        21.105001583621142     
1.9430049017012496        2.0429877102020346        21.183995923762094     
2.1710123408357758        25.248995538991380        23.112000214299464     
25.288992652774144        1.8339963945526243        23.164010560643554     
10.573993612504433        10.344995264333301        18.987006683490179     
8.6180005756731362        8.5520037751460745        16.809998029110631     
10.507994811312615        10.494000966117710        16.700005965700338     
10.662005421807859        8.3649972373003472        19.039995688142167     
8.4270152171458825        10.384003713789937        19.006988930015257     
6.4160000931830554        10.404994583086177        18.979000267329745     
4.2039955175367831        8.3699972607677218        16.826997718291945     
6.4650033067806394        10.531004915373007        16.777013673171627     
6.6249977603825050        8.3940044151716808        19.193995285843396     
4.3600026021359728        10.470013262075293        18.906001593434212     
2.2609993145344629        10.535004169441827        18.893998085654264     
.19500885835530735        8.0990008786875602        16.854998486204408     
2.2539834139856691        10.364996386720438        16.867990886551016     
2.3320028329879436        8.2619960849850003        18.964993361597088     
8.1002070876599788E-002   10.559004865154836        19.022010125821645     
10.600002065296549        6.1909974833531702        18.933995807396315     
8.4289996481364202        4.0779967395828010        16.779999259498062     
10.682996755894168        6.2620047908176453        16.789006022055062     
10.516003632923193        4.1720015287733139        19.022001021992917     
8.5810005600588664        6.2060021241680987        18.802005847339110     
6.3960069391688101        6.3320021621123059        18.950004072527690     
4.2389972374994969        3.9299981739191061        16.774998310913059     
6.3190118983082941        6.4360021889828740        16.923993637599985     
6.4789999131069491        4.1629959535895846        19.025003741440312     
4.2980155728264755        6.3550031710402752        19.191000306969457     
2.3070025558842864        6.3469985680618546        19.037002063038692     
.12500444660604734        4.0530011578681080        16.862999746556223     
2.0690028714463065        6.2589959947514195        16.762000973983405     
2.1060031768184437        4.1799947920956608        19.121000543171597     
.15200744593349830        6.3150085161994012        18.883009175511308     
10.553998064271260        1.9649980557887725        19.034998184106154     
8.2550058824382582        25.128999890957118        17.002996459581411     
10.377003589321479        2.0580038498923900        16.919995631179166     
10.517981462646604        25.196005630900693        18.748003542287044     
8.3159904692072359        1.9860027499146202        18.894988326876408     
6.3560018846518922        2.0999947328034767        18.984996448001127     
4.3180013495411691        24.949997824249081        16.787999253684347     
6.1370014675502000        1.7890047675122391        16.900015629103557     
6.3189941574481203        25.310011501731275        19.076999501013116     
4.2920034340739424        2.4199982924303987        18.967997647242829     
2.1760021488504133        2.1390013946648145        18.903001855533009     
4.6000982816021434E-002   25.113999590267500        17.000997467874235     
2.1009998896809088        2.2030068486075449        16.868997871052589     
2.1510060250434777       0.11400288916638576        18.963002528265786     
6.9995196309072111E-002   2.1630097128069039        18.795993123580342     
10.540990162818201        10.494000167313933        14.692005513506912     
8.4580031658541444        8.2950026534801964        12.580998417044260     
10.448992816226513        10.441001046510962        12.668994327192438     
10.451984486725078        8.4310019754437846        14.865992351470148     
8.4469953897496222        10.570008777360943        14.297997429853204     
6.3309965859377755        10.401003824111239        14.571010102672370     
4.2119982951986872        8.4840010364924723        12.632992772836962     
6.2139998179720566        10.362994826218715        12.497998782915781     
6.4489900762554253        8.3980091249358306        14.594001127184198     
4.3050008827417354        10.433995250021290        14.623005357270150     
1.9989982047428747        10.626002800338547        14.611000153855249     
.11199899305517545        8.4510054976825622        12.782998302287085     
1.9799928704432863        10.575987239512797        12.589007854580990     
2.1620109930215716        8.3280136641414551        14.613980247411648     
.16700076006763481        10.401007286930062        14.697995573415751     
10.579001763633775        6.2850027159213431        14.687001848449546     
8.5039929433616237        4.0619983135255637        12.785999412412467     
10.619998907842636        6.1600152422148442        12.632992850032403     
10.635978448904471        4.0970045624805600        14.927993134590162     
8.4889862472365287        6.1180042658282474        14.597987609509978     
6.3760011261644980        6.2199975453863798        14.527000974642259     
4.2309969265886407        4.0679999772619775        12.713999368476815     
6.3229956986427540        6.5249792800275763        12.385001250746242     
6.4830135289749311        4.1720097968179282        14.703001853824205     
4.1420021701897252        6.2110078472814765        14.603011666442764     
2.1729969840727463        6.2650015112175828        14.666001294922536     
25.184003670144484        4.2490008822081879        12.437000400008968     
2.3810010367339247        6.2159919243259472        12.464008581560773     
2.1020156701044046        4.2060024890944661        14.714001426752889     
.24200974746469822        6.0489917356875296        14.716998324363880     
10.547994042486311        2.1020001350708535        14.773998432068753     
8.4549944942883197        24.995999183924596        12.552998122001179     
10.669997885337137        2.2919927712998627        12.553997041696086     
10.479012266699231        25.234993752963852        14.786996619217348     
8.4660068939117821        2.0630050070513315        14.757000100186325     
6.3370030524340919        1.8990012282803972        14.684997587447450     
4.1599954521660747        25.308999032958720        12.399999903006492     
6.1950053077331733        2.1550014719002513        12.605014626081159     
6.4519909100553727        25.179998303517628        14.786007283072385     
4.2749925885252980        2.2419847504630890        14.693012381746092     
14.735003058033842        14.617999555073215        2.0960012071909673     
12.775996846227356        12.645001201049796       0.30099809894260687     
14.642983308555342        14.719015428112376        8.3999689774466951E-002
14.830993952580490        12.496000984558881        2.2249975278858480     
12.562996703224526        14.517999937111721        2.2020042474591124     
23.348993744918200        23.196999738276350        10.533999482261310     
21.157999320015616        21.080997901764714        8.3970030322290654     
23.281999120050877        23.097013748069212        8.3950117850501282     
23.371018176870617        20.959994268439225        10.658997271392844     
21.038005240174687        23.100007497311253        10.575994620288613     
19.015998270952402        23.005999485801379        10.613005159462736     
16.821999702780001        20.984000564430524        8.2500027095168775     
19.190992845079538        23.154001895357730        8.7119956131853016     
18.816998411729969        20.979002647423165        10.342006925647855     
16.796018760770359        23.291003882035277        10.607003054856417     
14.720001192452635        23.241997738461080        10.428007533280200     
12.598998991011261        20.912997815293245        8.5209991170511081     
14.805010839508951        23.229990710945476        8.2800043180153118     
14.994008138701037        21.009992263317049        10.525018652487777     
12.665003610988743        23.260003892018851        10.430994170854335     
23.296999423652689        18.867003188079643        10.620996082296525     
21.027000925785913        16.712000464854722        8.4299990991342693     
23.357001779047199        18.593988224903974        8.6280050044565151     
23.206999901921844        16.667009800956247        10.674986993258649     
20.928002736344709        19.210011940942348        10.740995991054813     
18.926001360571181        18.955008992715431        10.579995472589156     
17.021000323421831        16.858997766597060        8.5989977911250506     
18.992988676958106        18.835994432750795        8.3500066722077939     
19.029001597072615        16.815005173823629        10.668003347849350     
16.817005908939823        18.838999017683708        10.480995245764653     
14.672001817786642        18.883999835366783        10.500994108859695     
12.760995125593073        16.852004570858806        8.4149968259882151     
14.910995427486247        18.804993247830676        8.4150214480268115     
14.844015079218645        16.655012857387817        10.660004459923428     
12.670984310660577        18.881977168613382        10.448990889636535     
23.222997412121778        14.677995201373143        10.453003633489340     
20.808997200314682        12.691996218295248        8.6300009168933745     
23.321991013218010        14.536998652405307        8.4059987547037203     
22.790009526405871        12.504997914302656        10.372994469365166     
21.041998365565728        14.763991667616551        10.459004785302277     
19.036000601865400        14.668003388163958        10.612997286118397     
16.800003410914091        12.577005091123381        8.4970028979716350     
18.886992092104098        14.707002306668633        8.4280127450491111     
19.045991480651928        12.477996451292498        10.586986728268778     
17.067990958598077        14.639008109685346        10.560002018193092     
14.941993017004778        14.584998888525204        10.494994650761384     
12.713994424272466        12.610001446128079        8.6810015361394299     
14.815005420603820        14.709000820612900        8.4400050503751025     
14.856012429875605        12.556985579637118        10.512994031169331     
12.679993869313087        14.768018165071696        10.657001194608325     
23.159994020004859        23.150993323304139        6.2789986173839614     
21.231002965276847        20.889001223821868        4.3530025317770944     
23.445000666728781        23.125014835976440        4.1639931187677943     
23.075991790164409        21.078998268911633        6.2390031536269754     
20.960009770681236        23.179002930654807        6.1740023287812678     
18.843999860207472        23.071998254966509        6.4000038045081347     
17.030996847863520        20.893001097403911        4.3919988923320750     
18.836018082092778        23.144987996708014        4.2379900595882596     
19.088987704019701        21.053993967768438        6.2499954650296949     
16.907000683545927        23.213001801276413        6.7130053628441058     
14.772001124035265        23.188990886442028        6.2139969096208079     
12.752997256076769        21.021999183720077        4.2789968775132188     
14.919992897232323        23.132997225291753        4.2759920296749172     
14.807010057565231        20.950995654471100        6.2950050926403662     
12.790999911625688        23.307019913682371        6.1170178419060690     
23.248008942708655        18.772996488203727        6.2550043075777886     
20.995001950589582        16.868000902579777        3.9810008649499711     
23.209006695387327        18.849000615690752        4.1399779671226744     
23.356993869086491        16.660998435238145        6.2129949240765345     
20.990016193824697        19.000006709003010        6.0900006957864345     
19.054007413242431        18.901997401825412        6.2380002222688544     
16.919997890315219        16.599997836562071        4.0809950215848882     
18.963990958419743        18.629006510402611        4.1529927007396470     
19.154995129434965        16.571981895340596        6.2630004674644368     
16.988013039251165        19.062010434815992        6.2519915625583566     
14.886000057935439        18.786997042124955        6.4330041607316319     
12.387994738794042        16.965996635635374        4.2040038686821690     
14.797999962208852        18.850997769468439        4.3389971234904516     
14.936989735016368        16.729984569126891        6.3679935630050517     
12.731004431776613        18.858000966478720        6.3079970307526247     
23.245001712437265        14.584003834242584        6.1379924495652904     
21.032998804311124        12.382000245997096        4.1959929628477335     
23.141998689346419        14.543983150110297        3.9959862169116152     
23.101993780464852        12.590988324174793        6.0500106435440175     
21.030000367492182        14.367011150557127        6.2460010465275646     
18.975010752682763        14.497004515043480        6.2349958070147613     
17.048003166022411        12.905994829079326        4.0049972438831718     
18.910006673212745        14.523998964451312        4.1269967783993540     
18.778011075927804        12.416006727645890        6.2319819295328402     
16.938986884542889        14.698988780551215        6.2219934753299233     
14.859996342575041        14.738006565519941        6.3189992981164460     
12.884003840098655        12.439998678604528        4.1939989506623281     
14.871993405664742        14.665013656123390        4.2259963183801634     
14.739999429984071        12.606996373633082        6.2180212398586008     
12.627993528259765        14.824000228880912        6.4649888900498969     
23.142996312834754        23.065992229599846        2.2139983412616178     
21.185996026264878        20.837000971696941       0.14500119789622537     
23.145006393753835        22.893010495964507       0.14000235994874349     
23.052987166466597        21.055000167958486        1.8759948766908034     
21.050993179134721        23.251986432300917        2.4240034458831330     
18.999003261520482        23.076002968883227        2.1920061489234235     
16.561993998742278        21.081001349175327        5.9987816402620395E-003
19.212980418022205        23.124001262528779       0.11700039728313756     
19.151000266234522        20.949010154287294        2.3880069140734972     
16.877001034694420        23.068002315338685        2.0149943929565883     
14.803998998732473        23.180998194069577        2.1949983510131981     
12.549998755864959        21.119000223039951        3.8995485778742511E-002
14.816992171761459        23.056994925071891        25.182986704683302     
14.752995676169164        21.007012288606873        2.1540179075726313     
12.699011172101759        23.295988545382176        1.9989911591838414     
23.284995241999461        18.900993638046415        1.9920029458500697     
21.290996580825151        17.088997713243025        1.9999155596955191E-002
23.147007478272801        18.734989343988826        25.180998219642472     
23.250996887741007        16.833992964494154        2.1819950250512528     
21.279015651847502        18.782997584717180        1.8820102889390797     
18.969001489860730        18.780997206160919        2.0680012360931457     
16.248003588813969        16.870001159545168        6.6999472560204068E-002
19.065005821495475        18.890000459359605        25.269972552922351     
18.664013835515739        16.819998787456296        1.9419943481698385     
16.761996741931352        18.861998337331038        2.2020057019600339     
14.821004334503034        18.801992391078656        2.2290008803718120     
12.752996589593391        16.774001306935368        25.237005747997294     
14.666010233156035        18.900997605724616        8.7996178428798658E-002
14.781990704631111        16.746002385616496        2.0429934442147224     
12.558002799316002        18.976997336574708        2.2669921448578045     
23.292999770165675        14.849002007163167        2.0100014727109441     
21.146999703322955        12.471996332620677        25.178998201011364     
23.166002024203856        14.666011186971605        25.128001880472265     
23.111008517783869        12.760988170188851        2.0760199194194286     
20.850999432901332        15.122983373588829        1.9850078472725177     
18.888000332312771        14.818002597654651        1.7309968262489939     
16.828002114405741        12.702005236861858        25.009000362723217     
18.798998467588127        14.973987559080859        25.158007263631532     
18.742998028448032        12.628001726442113        1.6890018214626339     
16.697996600906126        14.675006002663645        1.9209881455554780     
2.1140026581963700        14.662001641833998        2.1740038564258977     
.12599913677169053        12.600003571254829        25.286998770969884     
2.0920010410744898        14.718982382125631        25.278001228725092     
2.0589848752609727        12.394011534201537        2.0079861790665277     
7.4001165465945304E-002   14.630999831275428        1.8210012590473499     
10.656001645087411        23.186002096438063        10.629998098042494     
8.3930022427812325        21.123995442439352        8.6639986747483704     
10.716996752312435        23.210981903294652        8.4580027260477912     
10.765997506806864        21.026016771608667        10.597016522386388     
8.4450073906934406        23.064994266335869        10.538010840633698     
6.3380064018915947        23.142994980309915        10.698994422216172     
4.1940017128161182        21.237000582638832        8.4079963725678510     
6.2990019497482166        23.485985012701455        8.6549983076787704     
6.4340005357838770        21.024996627845592        10.531010040165341     
4.2410058093679552        22.901011399311972        10.597000257814976     
2.2209989805276309        23.144993082350414        10.540995151999169     
25.180999183547591        20.880002425374322        8.3349963621919017     
2.3170064339877392        23.056005233722725        8.5489874583647723     
1.9670005200722889        20.922986602880293        10.832998376380850     
4.6990475343050703E-002   23.031009482921796        10.459007745134254     
10.506004383238333        18.960002392804743        10.566997886050421     
8.4500004141124094        17.069994688201895        8.3129957939655590     
10.439989303427524        19.196002242585724        8.4850062021774626     
10.477993108057493        16.950981769595614        10.577998544674657     
8.6029979168263697        18.995009635000027        10.793004085107945     
6.3549954653534204        19.002998797630863        10.660003446639205     
4.1389952759294868        17.040998392876492        8.4259989058769822     
6.3369958237780581        18.977999130902493        8.5129966712456930     
6.2139905551591914        16.890001821644304        10.787997028595001     
4.2009934178428292        19.038995398523312        10.430987381235807     
2.0540013363586671        18.919005863413492        10.686000683910532     
2.3000906553555897E-002   16.869992879526450        8.3300019652366579     
1.7579991364456646        18.850008064829392        8.4050148566929348     
2.3449879795694510        16.912976893102801        10.532007536174861     
25.295012227077894        18.677017192613700        10.791992636420321     
10.471997061153344        14.912998615085668        10.444001116966515     
8.3239999562680023        12.800001422632782        8.4109953554288435     
10.761987099122027        14.773999776634206        8.5260023634177635     
10.318979144038362        12.588010578464102        10.397991390799039     
8.4239894691137884        15.092995673650845        10.204999788078782     
6.2179951589352358        14.820002076519613        10.504999710353967     
4.2650005500804795        12.713001567050163        8.4339980801128238     
6.2510080872286249        14.479011700304222        8.3080052998814420     
6.2819957761940302        12.773025170195453        10.568985591186934     
4.2630035810232592        14.852996478101140        10.275999957234072     
2.1820000288912773        14.732991719375683        10.432003299200995     
.19999966366938027        12.665003437355089        8.2999966350173580     
2.2610200330633465        14.722014398502120        8.3719941663215529     
2.0110102311174662        12.631993311778702        10.491985979665982     
7.3991247075942818E-002   14.713997743506916        10.410002710649941     
10.600001688996825        23.222996343820288        6.3059982658363012     
8.3570013851970195        21.232000498522464        4.2630016080560740     
10.507004433259779        22.819996193561312        4.1940016362995189     
10.735998806624865        21.171007142647067        6.6840038687173715     
8.5380042425226410        23.494010549318478        6.3150074006193186     
6.3860043007326954        23.284000512089893        6.4679965828084391     
4.0640032682811187        20.801995641520879        3.9690006981613055     
6.1899873573298292        22.832996139087111        4.2100029135609924     
6.7789970910402761        21.366000188413668        6.6559855050625032     
4.3340130235437160        23.066003409370360        6.4839928231631481     
2.1039960671973148        23.097997921256319        6.4179983364689219     
8.1999968925057537E-002   20.959004197919793        4.1979974058972420     
2.0160039302395445        23.083004672614905        4.3869862633995806     
2.1260010414898702        20.896992142510662        6.2909829520339295     
1.6009886460243327E-002   23.094995644479958        6.5830244384886223     
10.592997192858444        18.946997688087507        6.3939960058119949     
8.4150002542759825        17.006001908710868        4.2340017643116372     
10.402000107970258        19.229012238003659        4.1909923114317262     
10.464985889538239        16.884996034420762        6.4739944621124348     
8.5290030735414124        18.870016848542509        6.2320085223302284     
6.3409972672536972        18.921001883437309        6.3299998051567581     
4.2029946106043257        16.688996827186205        3.9140033059020545     
6.3659988114966515        18.792003182061549        4.2840057051402276     
6.4969890715148768        16.791985845501340        6.2579780078785827     
4.1090047808212855        19.005004121612579        6.3020067987700905     
2.0770015975600509        18.826996989476093        6.3219977683288313     
4.9998885145138717E-003   17.020999248887378        4.2149983684885974     
2.0859950717022331        18.808000775259302        4.0909872650276116     
1.9889979509384073        16.898000959578226        6.3650071673651389     
25.145982817453561        18.985995882175828        6.1010071630617224     
10.610004283708038        14.573998706013816        6.4930062848314769     
8.4849963807727953        12.589003149804812        4.2360037645863660     
10.613993627340740        14.826015457592266        4.4140153407197564     
10.442988427843643        12.582997232370046        6.4899927105084219     
8.5069953524874116        14.520008555044180        6.5790054523812564     
6.4790032866711593        14.728996238567762        6.3569978361782509     
4.2259988888626276        12.294995080781311        4.0610017501819238     
6.5060107670281582        14.683001277947220        4.1989928962158958     
6.5570001331928784        12.627006957239434        5.9760053549419005     
4.2800090447996739        14.745013235427106        6.1509927253711281     
2.1990036514059192        14.597002140939789        6.0770119596816663     
24.983007010116697        12.506996977572932        4.2380040234466971     
2.0680039894796289        14.760002376995297        4.1069926463949846     
2.2890165044129240        12.527994473969105        6.1719972215841432     
8.5000834023411645E-002   14.425996239872390        5.9139936896885024     
10.471001399558151        23.266001994408892        2.0559957032929379     
8.0980000208104013        20.997005123226117        9.5001434063022902E-002
10.521008673256841        23.272010506054503        25.241994601667322     
10.311003200501778        21.102989283183661        1.8420024515924474     
8.5629965188692179        23.109996815445772        1.9890128319862532     
6.2430010940602489        23.015001915376963        2.1330054355083572     
4.2110031981396965        20.772997049743566        24.992000965210195     
6.3360030212441076        22.980014627193388        25.274999909124979     
6.1979959678129113        21.065994621226757        2.1840022205034471     
4.2389961870382429        23.251986519788911        2.1819929762563222     
2.1560018999777490        23.207004810147858        2.1350026101073514     
25.315002920309066        21.016000648806468        25.277000028209478     
2.2130132956411810        23.084006950221649        25.284012474155414     
2.2699874911740610        20.822004233422899        2.0059913631864257     
6.6009215042755739E-002   23.088008503676207        2.1420019619212405     
10.590993854761106        19.048997507347476        2.0779961995936818     
8.5170024685799692        16.680002595611398       0.19899874174663179     
10.763992780522550        18.941995318170040        25.284010486646725     
10.593987549277264        16.781002142608131        2.2750068656293756     
8.4749906976667795        18.773990810754629        1.9720005384740398     
6.3280023871873929        18.748001576188916        2.0900078475474220     
4.1789966137656256        16.892998166992722        25.178002052893497     
6.3330019082033813        18.813999791046470        8.9999508227462856E-003
6.1359892742886668        16.833992028901175        2.0919962941025432     
4.2439894569487837        18.815002002947026        2.1619952438421235     
2.1930031128622791        18.880001695371305        2.0530046477252863     
25.173001222937852        16.722000229845900        25.113998816903038     
1.9610068573033272        18.809994742814204        3.2001876020870255E-002
2.0590064412697191        16.697996573166858        2.2620052199026213     
25.255008546065781        19.100992348002563        2.1720053739191711     
10.512996042910855        14.687998430488060        2.3029976455776029     
8.3820005146911196        12.579004094070511       0.19799761224760717     
10.448993116623345        14.609017552634070       0.11501416816467888     
10.542003773060276        12.749001387735657        2.1399902165481040     
8.4940127554000036        14.759994920142741        2.3529810802919000     
6.3290021732859447        14.672991198524752        2.2240000256760069     
4.3110018322864692        12.855002629447972        25.309001528039833     
6.8010041183106180        14.727007458263758       0.11300040296507116     
6.2400015398709865        12.468999158767213        1.8180085507508728     
4.2099900953148044        14.653012624314719        1.9459919735591482     
14.797000434533540        2.0209991623314263        2.0939984682035186     
12.614996344920677        25.316998757468557        1.6999815793833598E-002
14.587009103521648        2.0440085793974880        25.261011225024717     
14.908997231354411        25.192996927664524        2.2500042696853768     
12.607998189257588        1.9099798078977883        2.2250089362345586     
23.207993289372517        10.402997446865911        10.494004237018837     
20.927995252048785        8.3190009068212252        8.5519999922991712     
23.246990472176073        10.523003078463681        8.4290100378159138     
23.261001621233689        8.1760043474461970        10.621016601772917     
21.099987842537910        10.185985842430666        10.590006567077618     
19.058998445004807        10.333998097299848        10.653999274816783     
17.001998352549151        8.4750018525885107        8.3959986669543820     
18.972008990267195        10.366999650653598        8.4189985300400654     
18.976990057669767        8.2109958953750919        10.491990235887373     
17.061997612550158        10.271993792300185        10.507997076863850     
14.927999893211476        10.400001673260928        10.649004759608159     
12.808997969006182        8.2260022291133250        8.5369976973727368     
14.836003544004548        10.637016495045954        8.5900037153004991     
14.800001365359966        8.3979991503121134        10.579988842124711     
12.594997571530232        10.636007751904474        10.575012732043808     
23.106000013270116        6.2199959251056738        10.527003877888072     
20.998001212422199        4.2169991376522544        8.5209922967902045     
23.008009817518992        6.2040049431794548        8.4589974927545040     
23.085003704355398        4.1600072329140652        10.597002210252954     
21.135993059093604        6.1319890975861933        10.570016336545144     
19.035003212978335        6.1579977181038430        10.648997805832774     
16.962001660917949        4.1240008196546816        8.3750009121579154     
19.137008574459333        6.1990032545139293        8.3549950769969055     
19.059992582585522        4.1539914079689142        10.902017345523875     
16.948007517642644        6.2150054909492001        10.602001489691043     
14.844001802719891        6.2650015827032179        10.576996853620180     
12.771997541942634        4.0649993728864677        8.4230015611736420     
14.890998468839280        6.4299921652497174        8.3469938934744707     
14.933995777894781        4.3150031014183563        10.241002635092316     
12.809005882965669        6.2910099219382278        10.685004435489887     
23.174000064549567        2.0830014276672197        10.456003419314847     
21.052006763221897        25.220998021328779        8.6449960277986460     
23.089997313739616        1.9959985210609519        8.2960021810823186     
23.216000872466019        3.9007571051548548E-002   10.516984703246715     
21.191989603777913        2.0049984649973753        10.777995063759922     
18.978999239186116        1.9969995498890021        10.705994297684398     
16.975994232917852        25.288001956636734        8.4279986312343116     
19.066989152087810        2.2619919601014131        8.5200012452423852     
19.032993823038804        25.179998666282959        10.600988123761482     
16.923994068154261        1.9730122325060766        10.566991531902849     
14.796000283933902        2.2060003726458866        10.483997862357493     
12.598995357785780       0.10100306476239394        8.4260020252571142     
14.823000264838200        2.0790043545256243        8.3350048397108427     
14.615995263581251       0.11202569430797536        10.681002718388818     
12.686995051976501        2.3210035171616341        10.571005977434254     
23.026004751631895        10.499999923754297        6.3070024113731185     
21.224004877553138        8.4780052348127715        4.1389936525593525     
23.077998776130109        10.781003724060701        4.2370109301514054     
23.336995598786928        8.4319904481126038        6.2150007851770885     
20.980004766914170        10.502016426525286        6.1869936817950313     
18.889005256564321        10.403002259988881        6.3619997319528938     
16.918998704600227        8.3759994782980680        4.3050001500769755     
18.846009881609962        10.517004168080518        3.9839943874778148     
19.028006909333438        8.3470016900113961        6.1340160792311016     
16.841996886268408        10.575997421126807        6.5460025780071067     
14.948004040067284        10.613001687613529        6.2450023425705101     
12.797001960537608        8.4180016597575538        4.2740000613306668     
15.180008559808355        10.297003481466374        4.0910121007479550     
14.931990356582336        8.5330167990839296        6.2879874371667919     
12.911003582385758        10.577995500318897        6.2569899151862520     
23.227999363593867        6.2240036569084287        6.2529994033566592     
21.348996071114904        4.1179998007798755        4.3489992210404900     
23.257016148878495        6.3060009998403670        4.1000044072470807     
23.275020856504270        4.1030204955257776        6.1340064582354499     
21.194997010413946        6.3909987721841919        6.2539849140401467     
19.157000290374427        6.3450011207771624        6.1449970507193639     
16.956000700626578        4.1540006395015530        4.3739972610730096     
19.285000536410156        6.4380066530933409        4.1339952120302437     
19.209996653511432        4.2809963624291676        6.3840141873172058     
17.021003727602594        6.2759971155261347        6.3059953453331472     
14.912003761439356        6.3580005554578296        6.3489975877506515     
12.772000457044415        4.1879997051125466        4.2310000802655994     
14.867007656265091        6.4279982850808439        4.2280072794420311     
14.809002861540016        4.1860043430817022        6.4399915785416715     
12.758999488564712        6.2909962970012199        6.3639905836995831     
23.107994653084788        1.9440050807253946        6.3129969340405916     
20.883002638890410        25.187002331837782        4.1420053047461707     
23.342982598975851        2.1169877340435175        4.2000078909823273     
23.327000041516975        25.108996624906791        6.3450113176281455     
21.002002932635371        2.0489979616944081        6.3009993675873712     
18.978002421164167        2.1619948877180990        6.3559999044903011     
16.792002056756822        25.178995740186235        4.0650004810234481     
18.702984623956276        2.1200095188874313        4.1220005667581052     
18.941006928353865        25.169012547750761        6.3059771280832067     
16.921998439562330        2.0539971346082173        6.3080040261803969     
14.939994949175535        2.0510042219853775        6.2319973159253879     
12.675996679533338        25.274995940991982        4.3120008207650189     
14.928998488863314        2.2130042907149194        4.1990027623882353     
14.922003901863611        25.301032935092341        6.0520076625753356     
12.723996871995437        1.8580047932378976        6.2799937013855258     
23.126001099459724        10.677006816553373        1.9899980787666725     
21.173001156922247        8.2530002636976896        24.906998337564023     
23.167011566518422        10.696000163949568        25.195992020452586     
23.182000105304130        8.5430177434257875        2.1700093535132590     
21.073000880469731        10.554004579188479        1.8279890897009963     
18.955009930226698        10.524999124191122        1.8719998979356334     
16.988998648362507        8.3719971956735382        25.234001039002607     
19.134008780363633        10.665999298290041        25.085003851352518     
19.053996754184880        8.2920117422020851        1.8070015826292980     
16.888015765920628        10.544991492966462        1.5580055583917733     
14.969000304704473        10.499001584526360        1.9779999666496260     
12.907999811763185        8.5010011296405636        25.281001820882533     
14.603002629961356        10.553996002843146        4.9964091834156059E-003
14.768998200942466        8.3440017467737295        2.0920075605201651     
12.712001187425637        10.754008868239589        2.1980146691517422     
23.209999959027400        6.2680019351779714        2.1430010410897489     
21.161002456979997        4.0719967369807115        7.9963102369840205E-003
23.226005292514593        6.2700079597066942        25.280016527700422     
23.143988677207318        4.0940074069356394        2.1409978421838654     
21.236993846119272        6.0390050698329336        2.0959947104494665     
19.134001829187806        6.2220035408583572        2.0799968458787910     
17.070998893997562        4.0389944172462826       0.27499968760603621     
19.242992121578954        6.1940105736897841        25.308996181969327     
19.010003564612919        4.0560080124236473        2.4110012582588642     
16.869004279668388        6.0120099236437934        2.0410069341032777     
14.730000140719332        6.3230004592316167        2.1530012017438640     
12.829003387985830        4.3639989646144315       0.15699071818700294     
14.848992858324365        6.4339898300499048        6.0001885756633348E-003
14.799993077372582        4.2489962351158699        2.0279978822971865     
12.712995683480967        6.3619946764395561        2.3839903284824300     
23.234005848271611        1.9719979575388655        2.0949968216527806     
21.166001030375352        24.916005140617735        25.210004119041436     
23.223011666223890        2.3009835015212259        25.239006179739423     
23.307997789958733        25.169008892666128        2.1000000789274167     
21.172988443721596        1.7860097256436671        2.3149999339878935     
19.038001709531720        1.9869964733797070        2.1470029011621166     
16.834003345131887        25.087000198371893        25.023999528744927     
19.004994337736814        2.1720091570904980        25.316008222394295     
18.998991809969041        25.260009619446521        2.2109955197801296     
16.855003443786654        2.0690022321928216        1.8990006119001479     
