1.3541819792400176
1.3564697905212906
1.3633135448096771
1.3746525557835951
1.3903803626273394
1.4103374198511869
1.4343022777648031
1.4619827351138273
1.4930087058625707
1.5269284435340373
1.56320934688651
1.6012439010587065
1.6403605579674843
1.6798388075737922
1.718927318162456
1.7568639178232675
1.7928962739482086
1.78115941838893
1.7480180530748224
1.7141970480425097
1.680416663488836
1.6473603509594015
1.6156547834898118
1.5858533831026096
1.5584247896079941
1.5337474378998976
1.5121107946179444
1.4937230521993523
1.478724168210877
1.4672023572065462
1.4592115525883542
1.4547871685477733
1.453957702013014
1.4567503160003206
1.46318944356069
1.4732885082593876
1.4870359133382844
1.5043773244221346
1.5251968320820901
1.5492997634283687
1.5763996130306432
1.6061109507214255
1.637949266794554
1.671337810301358
1.7056206656517312
1.7400807449425348
1.7739611067166425
1.778633060031005
1.7390490109386236
1.6970347423942251
1.6533505104974762
1.608783790799164
1.5641326791909225
1.5201902019442857
1.4777303810282032
1.4374968840229054
1.4001947408508817
1.3664849314658833
1.3369805030808077
1.3122416180066396
1.2927661719906338
1.278973466687052
1.4389827692451254
1.4574135432771187
1.4784245379897836
1.5017392591310974
1.5270477124399746
1.5540094378630298
1.58225694222927
1.6113998755030248
1.6410301627042312
1.6707281696628011
1.7000698385048967
1.728634624303719
1.7560139830151025
1.7818201153769164
1.7922091442723873
1.7800045213060045
1.7687691674000252
1.7587255307852125
1.7500579411621862
1.7429139701051912
1.7374072754243213
1.7336214109433243
1.73161399913171
1.7314206493778517
1.733058066474364
1.7365259253380185
1.7418072677795506
1.7488673892195696
1.7576513952410766
1.7680807958931004
1.7800496535976682
1.7934208711083697
1.7831099927339906
1.7605410009316587
1.7387130731421085
1.7179616627575405
1.6985937162905786
1.6808842742599444
1.6650745101980275
1.6513709985797758
1.6399458890441705
1.6309375816106213
1.6244514698037889
1.6205603457446687
1.6193041730530244
1.620689063178686
1.6246854796989703
1.6312258651335878
1.640202037646407
1.6514628126673208
1.6648123329602997
1.6800095637760166
1.6967693223280247
1.7147650613340648
1.7336334808977252
1.7529808856986757
1.7723910678127435
1.7914344055218265
1.788985648062359
1.7657553160774895
1.7410192909647861
1.7152027097106106
1.6887506723197352
1.6621193771223384
1.6357673096774878
1.6101466789484107
1.585695274916242
1.5628288791376548
1.5419343231795832
1.523363226619595
1.5074264425259087
1.4943891886784122
1.4844668796400713
1.4778216958898924
1.4745599815609463
1.474730576376617
1.4783241853215263
1.485273821641
1.4954562850062412
1.5086945577454793
1.524760972493468
1.5433810177128915
1.5642376981002417
1.5869764308986638
1.6112105051875227
1.6365271579561649
1.6624942770042122
1.6886677268227936
1.7145992264294336
1.7398446573492856
1.7639726407246152
1.7865731916214735
1.7905515393160303
1.773058995157445
1.7553794880696463
1.7379205533957438
1.7210700572247926
1.7051875250331858
1.6905970492332814
1.677582082865957
1.6663822987544656
1.6571925264851983
1.6501635822311413
1.6454046362240724
1.6429866159691535
1.6429460629643653
1.6452888541007076
1.6499932768351573
1.6570120838505515
1.6662733519369595
1.6776801703013338
1.6911093887357593
1.7064098113438775
1.723400324269539
1.7418684753139193
1.7615699851232411
1.7822295766955636
1.7946232338893404
1.7836338501261486
1.7742329342201604
1.766539437363612
1.760648477136817
1.7566344709198671
1.7545535758962423
1.7544449867001257
1.7563308087140637
1.7602144248396683
1.7660774929402976
1.7738759165179188
1.7835352951752086
1.7949464701379287
1.7927299736557059
1.7735414652124364
1.7557162171115137
1.7395680678369883
1.7253766490027838
1.713384824622214
1.7037972958492797
1.6967801240152647
1.6924608661523681
1.6909289791664976
1.692236191588971
1.696396606640276
1.7033864169992379
1.7131432518096843
1.7255653018715555
1.7405104849696846
1.7577959869849513
1.7771985308143665
1.7984556934946045
1.7911161505865334
1.763666906255065
1.7361973822795593
1.709159119885524
1.6829984791696528
1.6581481857180762
1.635019475624309
1.6139949238822096
1.5954220222636564
1.5796075271169834
1.566812582652555
1.5572486167400394
1.551074023987329
1.5483916598844645
1.5492471871519287
1.5536283203817112
1.5614649863767889
1.5726303977601161
1.5869430057844958
1.6041692900985542
1.6240273549170365
1.646191302849224
1.6702963911733248
1.695944967898437
1.7227131724840195
1.7501583627064956
1.7778271868338211
