4.6016825
4.6011353
3.1298212
4.5262888
3.16877
4.3068998
3.2867193
3.9580038
3.4868861
3.5033194
3.7743226
2.9733873
4.1554371
2.4032378
4.6373053
1.8297979
5.2267755
1.2892505
5.9293975
0.81453867
6.7482379
0.43317515
7.682678
0.16548728
8.7273181
0.023393698
9.8711144
0.0097752069
11.096873
0.11846787
12.381189
0.33486926
13.694889
0.63711165
15.00397
0.24965695
14.571001
0.067647066
13.382646
0.00012668224
12.222029
0.058721647
11.115347
0.24604041
10.08322
0.55531213
9.14051
0.97070189
8.2965906
1.4682914
7.5559812
2.0176657
6.9192435
2.5840035
6.3840196
3.1305249
5.9460965
3.6211251
5.600404
4.0229951
5.3418812
4.3090308
5.1661735
4.4598402
5.0701506
4.4651872
5.0522489
4.3247544
5.1126458
4.0481618
5.253275
3.6542392
5.4776792
3.1696133
5.7906933
2.6267256
6.1979433
2.0614406
6.7051534
1.510436
7.3172674
1.0085759
8.0374162
0.58646088
8.8657984
0.26833105
9.7985703
0.070462879
10.826867
0.00016304587
11.936084
0.05541869
13.105539
0.22521783
14.308593
0.61013743
14.478633
0.31567313
13.069732
0.10725812
11.653212
0.0067550837
10.266522
0.028829311
8.9423114
0.17979147
7.7072494
0.45698919
6.5813591
0.84877704
5.577865
1.3350577
4.7035364
1.8883588
3.9594548
2.4753954
3.3421076
3.0590691
2.8446881
3.6008606
2.4584866
4.0635641
2.1742652
4.414253
1.9835342
4.6272389
1.8796521
4.6866379
1.8586761
4.5880699
1.9198836
4.3391137
2.0659068
3.9584174
2.3024643
3.4736937
2.6377243
2.9190351
3.0813685
2.331992
3.6434275
1.7507294
4.3329572
1.2114322
5.1566266
0.7460371
6.117311
0.38033643
7.2127992
0.13250765
8.4347408
0.012127785
9.7679518
0.019730777
11.190176
0.14694512
12.672364
0.37721657
14.179486
0.022472184
14.432122
0.0098490169
13.246226
0.12329731
12.120879
0.3613657
11.076679
0.7133966
10.12832
1.1601591
9.2849847
1.6751138
8.5510761
2.2262248
7.9271828
2.778195
7.4111522
3.2949659
6.999164
3.7423029
6.6867156
4.0902717
6.4694623
4.3154216
6.3438793
4.4025051
6.3077358
4.3456008
6.3603837
4.1485515
6.5028639
3.8246824
6.7378334
3.3958228
7.0693082
2.8907071
7.5022166
2.3428809
8.0417568
1.7882727
8.6925679
1.262615
9.4577388
0.79890505
10.337712
0.42508995
11.329166
0.16213903
12.423981
0.022637106
13.608424
0.0099940698
14.862651
0.16420618
14.531276
0.027095425
13.021025
0.0069920137
11.560446
0.11220315
10.18039
0.34212644
8.9050523
0.68719136
7.7516611
1.1294103
6.7306931
1.6434966
5.8465459
2.1984791
5.0985692
2.7597187
4.4823344
3.2912223
3.9910129
3.7581299
3.6167409
4.1292311
3.3518707
4.3793306
3.1900302
4.4912517
3.1269373
4.4572537
3.160934
4.2796812
3.2932178
3.9707553
3.5277636
3.5515421
3.8709357
3.0502456
4.3308036
2.500031
4.9161881
1.9365948
5.6354769
1.3956704
6.4952744
0.91062362
7.498974
0.51026842
8.6453669
0.21701745
9.9274149
0.045469952
11.331318
0.0015236388
12.835991
0.08207252
14.41304
0.12924641
15.153257
0.013099269
13.569124
0.018702462
12.044717
0.15183405
10.611317
0.40930807
9.2930473
0.77909566
8.1066914
1.2410448
7.0620474
1.7681464
6.162728
2.3282672
5.4073135
2.8862493
4.7907248
3.4062629
4.3056867
3.8542826
3.9441524
4.2005331
3.698586
4.4217222
3.5630187
4.5028527
3.5338249
4.4384167
3.6101837
4.232826
3.7942104
3.900033
4.0907605
3.4624017
4.5069173
2.9489762
5.0511895
2.393331
5.7324515
1.8311886
6.5586816
1.2979707
7.5355679
0.82642883
8.6650809
0.44448706
9.9441275
0.17342115
11.363416
0.02648515
12.906652
0.0080782016
14.550178
0.20376394
15.265403
0.48858278
14.080439
0.87845936
13.008884
1.3498487
12.059724
1.8729118
11.237207
2.4136094
10.541895
2.9361178
9.9717912
3.4053909
9.5234407
3.7896836
9.1929163
4.0628492
8.9766487
4.2062375
8.8720593
4.2100522
8.8779885
4.0740624
8.9949131
3.8076146
9.2249524
3.4289449
9.5716619
2.9638448
10.039612
2.4437828
10.633755
1.9036254
11.358585
1.3791277
12.217135
0.90438058
13.209842
0.50939891
14.333391
0.14144531
14.28578
0.38989622
12.850107
0.74859352
11.54283
1.1972583
10.376102
1.7089801
9.3563049
2.252026
8.4850582
2.7919936
7.7604278
3.2941634
7.1782002
3.725895
6.7331192
4.0589016
6.4199953
4.2712418
6.2346243
4.3488779
6.1744744
4.2866782
6.2391192
4.0887827
6.4304028
3.7682996
6.7523322
3.3463626
7.2106905
2.8506245
7.8123759
2.3133107
8.5644824
1.7689778
9.47316
1.2521384
10.54232
0.79491389
11.772279
0.42487039
13.158458
0.16317787
14.690268
3.73971
15.132361
4.0200795
14.989118
4.170745
14.968063
4.1812025
15.068174
0.48624116
14.651988
0.88412635
13.462036
1.3685751
12.402546
1.9093798
11.476619
2.4717496
10.683692
3.0187761
10.020634
3.5140706
9.4828411
3.9243801
9.0652243
4.2219921
8.7630592
4.3867455
8.5726412
4.407496
8.491741
4.2829232
8.5198539
4.0216162
8.6582422
3.6414319
8.9097713
3.1681756
9.2785353
2.6337065
9.7692707
2.0736158
10.386562
1.5246542
11.133863
1.0221008
12.012368
0.59726809
13.019831
0.2753204
14.149399
0.013040987
14.434794
0.017439054
12.798349
0.14404355
11.257874
0.38921292
9.8388571
0.74097131
8.559424
1.1797844
7.4305885
1.6798209
6.4569598
2.2106148
5.6378209
2.7390305
4.9684699
3.231431
4.4417039
3.6559429
4.0493231
3.9846946
3.7835399
4.1958742
3.638188
4.2754143
3.609644
4.2181087
3.6973907
4.0280074
3.9041814
3.7180441
4.2357962
3.3089636
4.7004127
2.8277041
5.307643
2.3054146
6.0673062
1.7752739
6.9880215
1.2702464
8.0757201
0.82089214
9.3321866
0.45334417
10.753749
0.18756635
12.330239
0.036004418
14.044329
1.4867609
14.589573
1.9816198
13.646995
2.4774739
12.846616
2.9417927
12.185111
3.343768
11.65792
3.656518
11.260121
3.8590214
10.987163
3.9376354
10.835403
3.887083
10.802449
3.7108324
10.887305
3.420841
11.090306
3.0366808
11.412868
2.5841152
11.857038
2.0932331
12.424881
1.5962834
13.117708
1.1253711
13.935198
0.71018615
14.874467
1.1173837
14.540875
1.5914512
13.696013
2.0922427
12.965798
2.5869972
12.348713
3.0428496
11.841696
3.4292013
11.441003
3.7199393
11.142964
3.895336
10.944587
3.9434876
10.843993
3.8611788
10.840668
3.6541103
10.935533
3.3364709
11.130821
2.9298873
11.429786
2.4618323
11.836222
1.963614
12.353828
1.4681
12.985429
1.0073464
13.732089
0.61031186
14.592172
0.65582708
14.838725
1.0653162
13.947729
1.5368318
13.167299
2.0409252
12.500406
2.5452002
11.947335
3.0166173
11.506606
3.4238677
11.175845
3.7396417
10.952555
3.9426182
10.834754
4.0190257
10.821441
3.9636536
10.912882
3.7802375
11.110715
3.481187
11.417859
3.0866794
11.838228
2.6231864
12.376262
2.1215489
13.036272
1.6147448
13.821629
1.1355176
14.733845
