 -14.300914580337510       -22.711974045641234       -36.136729603587106     
  1.8898119706018415        1.1637282495649168       -22.044694223982251     
  3.1991448981179489       -10.560636252833625       -8.5025750707784464     
 -1.1478933248118446       0.77674878338495490        6.6569604804955187     
 -8.5195807362788845      -0.31298057901490633        3.5855387404177992     
  5.3098527727111806        8.8476986847009869       -18.740544429325301     
  1.5091868780064528        2.0250158215878566       -7.1240638825378557     
 -9.8496500483294369      -0.73866785432493609       -5.3161072795191355     
-0.31424921222374907       -2.8187012929170754       -4.9587999036516930     
 -3.9648954189429761        2.6010001878741362        1.5212170120046296     
 -10.311230209079135        2.1503611427053131        13.483945683842652     
  6.6280726672447168       -16.388113715378307       -2.9120219617072927     
  6.8662475707144726        12.689795712301454        14.353918367993906     
-0.71403552051785379       -6.6058485708941790       -4.7379000875732311     
-0.44212202364045267      -0.31070968764464679       -5.9979279397304497     
  2.0873837634765606       -2.2906618128542204       -6.2294039402278001     
  4.9519767531751251       -14.624664405836080       -8.7340232522396573     
  4.6513217482624016        10.028305457887557       -1.6841950295682431     
 -5.3265018240742883       0.37973343699502415        5.2729211148751860     
  4.8791017428624128       -8.1550528643730420      -0.54085620138628931     
 -17.358184151780087       -4.9821980097829295        2.3431918218458603     
  3.5623953591974162       -8.4606767377533281       -29.150818636256925     
-0.55179899675443767        6.2583259190700957       -3.8020379794258590     
  1.7600230760541649       -2.2977446855979227       -5.7403304324206568     
 -12.530547914804419        16.465749283841625        1.1740291331828694     
 -8.0313321438608245        14.657377423656110       -9.6265793993871576     
  1.4503949297688317       -2.3649261430427053        7.2931434212032089     
-0.21345843651114974        2.0238743702736282E-002   2.4773193620160883     
-0.87270774640348014       -1.6751207657711353        4.2233991800609836     
 -4.5495541502014190       -6.8521588492738177        14.974426699203763     
  3.0953510143660328        3.8395071275752559        6.4403879511001829     
 -2.5083560419099289        6.3174653821223821       -3.5209674428009645     
 0.21774710865183297       -1.4696392540213910        2.7199161554824056     
  2.6134931379806265        8.3691554562922974        11.534507695309571     
 0.61110030974457208        19.260276949202492        17.745629682389502     
  3.7960307287155972        9.1263815701430495       -4.6819762656049031     
-0.95271239339461489       -1.2260294658104862       -1.7015344196438118     
  4.0112557796215480        5.4597950894593126      -0.32125570945674448     
 -9.6446461150568599       -6.2642683000339483        9.6154968269436765     
  11.383518073985849       -19.967875854974181      -0.52358280136632074     
 -14.070410603045525        7.7431163499408546       -7.2613017058117526     
 -1.1589543866077812       -6.6084448797802819       -1.6850832162323477     
 -6.6036280035727284        2.3099466439767671       -3.7510446538900841     
 -7.0168236441151324        8.9152774099993124       0.15491299268796907     
  1.0422739169015973       -7.4703317785360523       -10.615494630270584     
  15.939801109373880       -2.9189593212397860        7.0183971149877182     
-0.58772350817852748       -4.3948007684262826       -1.0624830100958644     
-0.19882232061204225       -2.2503632962095645      -0.20105473813607891     
  2.6255096405521878        14.463216952196587       -5.6556280605443385     
 -3.7854081743488397        6.3754081332931261       -6.4315574247238292     
  10.683016844515562       -6.8570684616756346      -0.45339888777246762     
 0.13233955162698111       -3.5687701111371153        1.2647312632019128     
-0.54012028928725730        1.8057158208606423      -0.14612652150125233     
 -5.6057732402293592       -5.9687617684529561        22.908709855390473     
 -10.374385630034904       -2.8545429947502119        18.565114934176030     
 -4.1351143800925545        10.707429659011595        11.760994452933428     
  1.1225691137970584        3.5342594657610125      -0.67387534775100832     
 -1.0351667542244118        1.5451204625936281        4.4594063600441531     
  3.7328557836882044        13.379015486830934        2.4510425906840609     
 -16.670931695379984        17.586027876403392       -14.808727860656189     
  10.371677010405453        1.4771509658220612      -0.51963485225325867     
 0.25889911120583603       -4.5015866086716096       -4.4372926094750342     
  2.2402802434214792       0.29902778298178728       -2.7130131962801496     
  4.3060476577277083        6.0673348643133735        2.6167093542487820     
 0.43082084041959801        8.0129353111160651      -0.13824008699041510     
 -4.1995695802047388        2.5315767081788203        2.1180266392790617     
 -2.3382215973772214       -4.5016908153357855       -4.5103948403066711     
  2.0714178340226450       -3.4984527399076790       -2.6234593996965749     
 -12.909419230928984       -11.673758492725746       -5.1518744601548940     
  6.4956822116496413        8.8515215452795264       -7.0803431510914310     
  5.6716055651567174       -10.477106418640233        33.514212844396688     
 -9.7653607410511337E-002   7.4462957068507931        1.1303787435502672     
 -3.4358261859918788       -3.2642660723843995       -4.1541324652765654     
  21.928445080463355       -7.2798127824703753        5.7933579932113988     
  10.398722846719151       -7.4802990601917871       -8.8221209667659135     
  3.9181739822251962       -8.1463635579368301       -2.2517484747279193     
  2.0018198511232730       -3.9772430328367578       -3.9394169972286992     
 -7.5185379653037172       -2.3951501480113495       -2.3357336861626696     
 -8.2738136387505943        6.9254181081632646        9.0420494655915569     
  11.689900413701835        9.6626487180228420        3.3205967880385345     
  4.2422527736073921       -3.1032999069041196      -0.51806342361330882     
-0.93167067567627815      -0.21330680285874368        3.8108368370296710     
  5.1359922819150112       -5.5717250036452421        1.0123162474081444     
  2.3505228629095876        11.771082812490445      -0.65627591971980126     
  24.103036387671843        16.996063605248228       -10.487179578890030     
  4.3736701526262358        4.0385711434433702       0.47740073778265063     
-0.64936066290737993        3.6158390202081820       -1.3942308624680377     
  12.117086280446236       -7.8967778411340745       -8.0537184332470542     
-0.23652233371969669        3.4435605349953122        8.4243154774350444     
  6.7341934922148043       -4.6606861706052287       -16.488603441689179     
 -1.6651537168475778       -5.5955455952510489      -0.86284832415410151     
 -1.8824800434856774       -4.1873904125062840       -8.1860262115803203E-002
  5.7720911089710336        7.8148041197571434        1.0715223628517379     
  10.178523008136219       -6.7986637262744170        13.960358121387259     
 -4.6626684556040976       -2.6717776821726384        3.4868666978720180     
  2.4365352900752932        3.8560443283099914       -3.6866205842221613     
 -1.2034583936648875       -1.5796889851196236        1.3546858096705903     
 -5.3357528121352349       -1.9243049650118913       0.80004976822488016     
 -11.207243778257494        2.8441182070848156E-002  -20.565971172503694     
 -1.7905052276416271        1.3059773575325098        8.0254925304018965     
-0.14495783558365630       -2.0257518042283644        8.1125188544807276     
 0.22486996697231570       0.75833237910405249        3.4521652649243877     
  11.024070291438848       -14.597727007615935       -3.0620851827861442     
  1.4125515292850930        9.1250947908382489        5.2795950737417865     
  3.9524525673101150       -8.2494636437393947        7.2367120805178402     
 -4.0859677618429107       -2.4811838753172744       -1.0898112891686658     
 -1.0893566163301178        1.1010741273979194        1.4464766037789190     
  8.2879829779057292        6.8555315960461494        4.3741014807221337     
  7.7180692475320054        1.9359078739990712       0.87559163224782632     
  9.2790068227355356       -3.3368135197332793       -10.496330836498156     
 -4.5110457684325080        2.0993122185413329        3.9393930397594792     
 -1.5296570979246908        4.3127809765384812       -2.4467339827594992     
 -4.8917517449540524      -0.50271218258657102        4.3892546252553473     
  2.7983326112867384       -10.362310173802307       -3.8187317435815364     
  1.8344813842320116       -5.8016785513322473        8.2089376098161839     
 -6.3720361500492677        6.1470247549589994       -2.7545307398514214     
  2.4255146518610946        3.3236794695635612       0.93155427460117013     
  4.1327212635987784       -12.174004848757848       -7.8251249792964090     
  5.0956757524866978       -6.9131479925960262        17.848865010080655     
  9.2248784621109809       -4.9765082181250726       0.14066469751893579     
 0.56760740201215842        3.4583808752371850       0.99325506105956662     
-0.86968474016497410        1.1448885396159365       0.21893421939722962     
 -7.6551267672015415        6.3132273769426090       -4.7031355495044185     
  4.7186578110281410       -3.8035379089281583E-002   7.3344418455133935     
 -2.8888560605244553        8.6527959742785985        6.9462099476977430     
 0.24197058886685305       0.88632297271609428        7.6361137454399861     
 -3.8477673684498876      -0.80214655313462169        9.6938588081700670E-003
  1.4192781288396179        5.6742329712100199        8.4490360307114596     
  6.0020574123482264        12.771010037439073        17.968031683827142     
 -11.313362153153861        10.082553159325359       -6.2076136582361929     
 -1.5590291615796117       -8.0140733616165853      -0.71847554168451688     
  3.4317548487915430        1.2335176875332188        1.3029455926209428     
 -13.349706298582372        7.8389450476003892       -7.5120039006376631     
  4.0610884954261079        1.8835199209561475       -7.0239776653113326     
  1.3718104722807665       0.21860280865012008       -9.4026025077080710     
  17.399733955153870       -7.2194229111311170       -9.0482887608310882     
 -3.7489240210861197       0.71422909073057639       -5.3238720098912724     
 -2.7530335972275637       -3.7020389350917400        2.9033169527862435     
 -7.4219972076113283        6.9699476907468627        3.7066673643710089     
 -4.0741062663668597        4.9824652665649243        12.279858508090859     
  8.6932602504629681        2.4242979154367092       -19.106209556939682     
 -5.4005655505040089        3.3012943260918228        1.5325433309701806     
 -4.8369622976196931        1.5673439127038589        5.1664346061356019     
  17.750566194819090       -2.9041502400138266        7.1069833893034540     
  5.0247731847098684       -5.9010078583259613        6.6175300064863256     
 -6.1428864467697863       -4.3195124149625723       -4.2852667913874782     
 -4.0315051290443682        4.1515643078815110       0.78002353326053198     
  4.1601944838029166        1.0556648917752223      -0.63383179157415726     
 -5.0502659446018061       0.11057539854931017        6.6509140922270840     
  8.2868232846114847       -23.547760134421882       -14.172942869171234     
-0.61851126718438143        11.392699666279697       -10.521282366339616     
  4.3886259244224277       -2.8482405236059702        5.3678512583515117     
 0.82763748168076612      -0.40074158185047848      -0.87364977067675709     
  3.6966213708754481       -8.7030600366831337        9.3294424455250748     
 -9.6543919892383681       -2.8747389717325986       -12.725050698617004     
  11.330554437348718        9.7963644553664899        4.7730095446582341     
  2.8417236686731768      -0.91950578940860950        5.5727434939367999     
  1.7874634248740517       -1.8979378435023566       -2.9444792050144670     
  1.8354868602958767        4.1037495377697741      -0.73808300675492144     
  11.763057803110582        3.2212882177573361        11.010169778483890     
  3.0567765949026646        12.717932297790297        1.9488637221993852     
 -3.6127453166363925       -1.6728496197791063        2.9594287552636573     
 -1.9799799109095411       -5.1843510147457330        2.3189380601823699     
  1.2125207245590552       -17.784021622066025        6.3227867214116831     
 -6.1959736621620394        13.525309677932816       -2.3006474150832967     
  8.6738295954080247        6.6703286039964924      -0.92476007867269472     
  2.0528829547303458        2.6185917230102111        3.0205155394490522     
 -1.7245733639784451       -4.5428108483882443       0.14393015733022457     
 -16.197735745612849       0.77958800944249718        7.1913412438386954     
  7.9361746951981500       -1.1055731214770790        21.395836183068624     
  1.9650435837510556        10.910617048654899       -5.0959012423352723     
 0.33825031554717977        4.1815038798359145        2.9834913763272377     
-0.10957529769528762       -3.5707076787145087       -1.7075207619804575     
 -6.4641416507593066       -8.8531722054086099        2.4300514175720513     
  4.9172728443830138       -12.949273459876787       -7.5434395954718338     
 -1.5596564181461829        2.2067869976329688       -5.6970870768738022     
  2.0959456145864084        4.3418286896344229        3.3112126864662055     
  1.5054244561560433        6.1505450339482941       -2.5248215361853137     
 -3.7628028620283849        10.837816518520070       -17.184116602659170     
 0.49836326897336436        2.2395209864409589        1.1696795253475121     
 -9.2709352714054223        12.495203779047889       -8.8486521536026324     
  10.422433197855044        1.8639223940958995        1.7331209392912343     
-0.74239102681407076        1.9735895730613793      -0.57469470841373094     
  2.7775016604488272        2.0552201982854745        1.2295888320746389     
  7.8565730814621419        5.9710467780833243       -18.207495062583565     
  3.1424932564543573       -7.4582382312749225       -14.001487018245884     
  1.4793513844149819        6.9345667659740595      -0.18760817865628074     
 -4.3289840315268631       -5.9856353063476462      -0.28417485328632280     
  7.8285268982388381       -1.5147440582752127       -10.688053860855518     
 -3.8597557021879192       -2.3170598021145374        7.0373229859826241     
 -9.1131366404328329        4.4644747761992702       -7.8638169372133344     
 -1.0431874257464211      -0.12356502019440298        4.1499179385101961     
  2.8525618524788210        2.6348437991517035        1.6420601633279885     
  12.125474736035084        6.7322963075927635       -15.501343352297896     
 -3.9833375895895720        4.7278277754740792       -18.263511606151784     
  6.9642991176522973        3.1224932004253700       -10.668563049101465     
  3.0914410980374467      -0.84504424497805142       -1.0347184878244857     
  3.3910614343027672       -1.4208680415497628       -2.2674597444853979     
  13.746687343754912        7.4192030300459493       -14.186559475818978     
  11.761804188048300        8.5767375042383573        4.1794737672563702     
  8.5157562363670998        2.1921967961163369        2.4046636783513016     
 -3.4230779949602188        1.8991606210944085        5.5115285361941897     
 -2.8173972710917994       -1.0086251083173907        3.0533224061566577     
 -7.7630036160782012        5.2461161292146876        11.336091881743483     
  2.3620552233081455        12.290151908474265        4.6722447413223502     
 -8.1129103018966120       -10.294598292903530       -3.4591498550046147     
  2.3987613101665031       -7.4089076166183165        1.3991415471373829     
 -3.3256384495825251        3.8701910354367679       0.14451283621897415     
 -3.6004894564776446       -9.3464910793377562        9.1716688906221595     
  8.9851390003582399       -9.4489882128880360        7.5631428572866666     
  13.877673058312700        9.7236781723484196        1.0456573073818189     
  2.6336336621258667        1.5132669379192878       0.74111893779861737     
  1.0151081847745302       -4.4742814542271860        2.5389574927299328     
 0.59808569039507742        4.3231521304604952       -8.4851616907235243     
-0.81084103707718191        1.1354865463586630       -8.4855751446830450     
-0.32578579296968557        7.7055410568409908        20.749164084971742     
 -1.6308892209907602       -5.4858612996706908        2.8931365819502881     
 -3.9111011891364074        1.0293152600002298        5.6454376448062424     
 -6.4881597562867332       -2.2580028802733834        11.591554663180002     
  4.0990181291430652        1.3440417954180981       -8.1152483807635303E-002
  13.180307487404766        17.404880764180614       -5.5586321613892320     
  1.0977697814544105       -4.1599654866348779       -1.7814091273559676     
 -3.7816901453033238       -3.8482119625221269        2.3652348990422256     
  5.2249667001570987       -7.8912294246086665       -14.891099763371953     
  1.7515837804051901       -28.945380727846334        1.4163673090307041     
 -10.191791983423037       -2.4133547741416463        1.6510150263590198     
 -2.7703140980424008        1.3843737343430120       0.65458819945141988     
  1.0292359497108621       -1.0049454544379219      -0.55264072361171412     
 -5.7912150825305000        3.4816935648746576       -2.4867097428813127     
  22.562209469353071      -0.67928597003138302      -0.65323974872391288     
 -8.5504007916169016       -4.1293316434777578       -9.2463662823809329     
 -3.7279307425527097E-002  -2.4370138398605494        1.2734584571421410     
 -1.9745636365441301       -5.1697234010411766        2.9156386195291044     
 -3.1577064129564514       -9.7482169991882603       -7.1107335984002855     
  4.2890429634876961        4.8086148693688786       -5.3415695601930064     
  9.5238846690646639       -12.335640909868411        2.5724434068208950     
-0.14626479885160779        7.5910634246688771        4.0052462891585270     
  1.2568334947723176        2.4990815242642621       0.55581589408466803     
 -4.1185123941276061       -9.4015643971849734       -19.249095998707052     
  9.5947114707401884       -1.6930194479514564       -4.5725200003564899     
  7.2155987875788856        8.1723494057001673        7.3364567200565540     
 0.16159145742612052       -2.4604973322945747       -1.8546402804680602     
 -6.2846022298893462        2.4324522491723575       -1.8382845670796135     
  1.9608599631070429        5.9319675347079537        3.2448542488226141E-003
  3.2839220121509434        5.6968993645083499       -6.1989970757615884     
  6.7708448727710451        1.1634840500950621        6.6753945357654363     
  3.6272169163565326       -1.5180360631228018       -2.2594935207278808     
  3.1531471505842892       0.42542743383595838        2.1348031661668920     
 -5.0223216433307414        26.787888074827595       -2.0892882451264456     
  7.3643087287979023       -3.2348136637091236        13.011490516539327     
  2.9520173240499670       -6.6810455262661739       -7.0422774342790824     
 0.50767594726995735      -0.12069805619212562        1.2735115807497879     
 0.14440627948719820        1.6466389238267691        3.9987094441357298     
 -2.3079460941525807       -21.872360833816707       -9.0387176986811824     
 -1.0193740779935789       -7.5789914095769193        2.9082480248576186     
 -6.5396611451084059       0.22340369615637024      -0.48370372696497627     
  1.2869186132097628        1.0759085549155751        9.9714907625688927     
 -6.9087080757667705        1.8114964391095820       -1.8963884050686839     
  8.6489228544982382       0.45246344268797939       -7.7557752346602147     
  4.3735093867467096       -10.440387470840845       -3.7909917173206744     
 -8.6762713621886451       0.12275498091716519        5.2691230187616478     
  6.4113474392158638        1.1677393454553746        2.5740635407005019     
-0.22229555520707217       -3.7954685577497340       -4.0949915208092920     
  3.3768317348524279        14.845564623342719       -2.7763347451155211     
  8.2478761053755214      -0.87579741395507327        9.2134994476341827     
  11.037902448880690        10.144717786923831        2.9963861585551403     
 -4.5014503081279917       -3.1453626296274888      -0.37081880146519347     
 -2.3683361576846611        2.2524466812083199        1.0431572062119630     
 -7.7051125394511981      -0.35106196273013968       -19.899274679995614     
 -10.127425002872387       -1.3132081975376213        5.3177491217606079     
 -1.4692328782536141        22.024962040883771       -1.4638436059216811     
 -6.6949208298249712       -2.1930244490931323        5.8374849429338971     
 0.27059765913261669       -1.0034913589657029        5.6273317016992905     
  3.2945842690790359        12.235047606998057        17.788711533574393     
  7.6837403233425956        6.1171359733648147        1.0791032824999942     
 -6.5557717111796467        16.315149214509216        16.563214414505556     
  1.2247446465790579      -0.21782581988592967       0.53957993208911847     
-0.37508130139893225       -3.1269605008821251      -0.15880006519487991     
  4.5954193288129410        16.374463462601245       -3.8884233833597173     
  4.9820709263961156       -3.3609075662970631       -6.2325471663131164     
  5.6451974645927701        14.771004255073148       -4.8377527209132465     
  2.8399621344230783        6.4918385208287095        1.1727792649727926     
  7.0489709109604819        1.4661218503692313       -2.2341973160896504     
  17.381540689198978        19.075191558246651      -0.12239469982563043     
 0.45974497796737701        2.7428796707520333       -9.7902153668119567     
 -12.106351346979466        12.874724633571381        5.0708869957029989     
  2.0027975820301918      -0.73691284695488324      -0.55273460899803073     
 0.60142875231241077        3.7151579660653749       0.12228145570427765     
 -12.041076724954586       -2.0376062515242013       -9.9214982394359588     
 -2.2068194349830659       -1.9671021281651078       -3.1272152948244534     
  2.1151363759351676        2.7166391123725244       -7.4754301293517873     
 0.16719856527710000       -2.6981177934343865       -1.4917767447635939     
 -2.1651907222026092       -3.5440539751669129        1.1194670389505987     
 -7.7039968914533343       -12.749237065592089        8.7176053563661000     
 -6.5716764698961629       -2.3445525868550599        3.5772819387162946     
 -3.2499639824026061       0.78411339942925973       -1.4474574022005888     
 -8.4881360964876862        2.5983558252949233        2.2979652842758660     
  4.7977538258192078       -2.0456067263832387        6.0148497198135047     
  16.028543429109188        1.1044682147552951       -6.1536635895580130     
  7.4503132655254882       -5.3376551490045934      -0.16689732244959610     
  5.1868314755075353       -11.028825954614813        1.8066841781363829     
 -4.0408986419478197       0.77096537086159400        1.8976069832091242     
 0.26654340872834825        3.2104680034675321      -0.66792041373917987     
 -10.464853410436286        3.5693285544886884        7.6584627199293891     
  3.4099183919506011       -6.2826489324388302       -11.341296632071494     
  3.5192572528169905       -15.378889915197329       -1.9769973692750555     
 -2.6246501292237334       -5.7027623333974953        3.8560309322034092     
 -4.1027562159395909       0.16603456587814883       -5.0779135057444416     
 -1.1541944290429251       -6.5639724669308732        6.0401231722127662     
  1.8154408284673209        8.8761591847713301       -17.855152131043603     
  5.7366264190114498        4.2293096441620035        7.2816506507248802     
  3.9277531136191541       0.99746445372745185        2.5738561444725963     
 -2.9708423933856358        5.0618211178606654        5.3628843781589666     
  4.9380855060008519       -12.449996421277667        3.8796583491556942     
 -5.3666173322813648        1.5770664880666334       -11.702579812540494     
  3.7179400198303516       -13.503947705531406       -9.5824045289731075     
  1.0415571390713736      -0.53104087361131080       0.67755151231792998     
  1.5134156407342094        3.3293999809637493      -0.30260294444379027     
  8.9421965086323212        16.324936961996453        4.8402700844343700     
 -4.0898105654285484      -0.26368685553451848        6.4933080122359188     
 -7.5603550043147214       -4.7918953756808955       -1.3267845568304015     
  7.4823669919914355        4.1260776834827304       -2.9630360952128005     
  2.6609828733704237       -5.9090978476696057       -5.1394673737487935     
  2.5708361630132490       -7.1813440008849838        16.276653260670841     
 0.81556006292204863      -0.35831581849146615       -19.922107874191536     
  14.117622936529473        6.6289178271611320       -7.9732810397578548     
  3.3211676733240219       -3.7280942958160472       -4.7809739951130323     
  2.8149294114887780       0.68234029206070967        1.0291443925308463     
 -8.2898791767160258        2.5846720490607087       -3.9137148237602384     
  9.8505581884862607        7.3198930949516212        16.747930130069705     
 0.13796861760561907       -8.7319346626331971       -7.7930479126504721     
  5.3275021649701646       -1.3171990384426113        4.1446544293335732     
  3.5115590016941729        1.2703820419280036        6.6220415992973116     
  5.7012677550644870       -22.776357468249603       -11.950525820221339     
 -3.7345477734739472       -10.461776420423025        3.8595733637629071     
 -6.9260789174413215       -4.5272269225437229       -10.173221464404053     
 -5.6302475649270942       0.67790744066899755        5.1463677473668969     
  2.7578804955413392       -2.7550235918405050        5.0512411019482544     
-0.49409279193690592        1.1252882522753653        7.6081100320261212     
  3.3736009965898597        15.732647248631258        8.2719195322489227     
-0.65171350982351095        3.1802331590523503       -4.7323767259172058     
  4.5316280764420185        2.4462384123129568       -1.6174805236548639     
 -7.9038389615093942        3.5092185928538653       0.55259022502439104     
  7.3763016250588525       -12.124277766919988        7.8324627340460573     
 -12.762589255475877       -17.706569518853108        18.028468079620811     
  7.1187700147825822E-003   8.1191075670070134       -1.9755547499830950     
 -2.6174944894855314        2.6839501642691004        2.2348399057185206     
  2.7358760458730944        1.8788745984874322        6.3239491394305061     
-0.69697928837358292       -14.268141189929105       -6.6880551101886034     
 -3.8719636804373496       -3.4492619677322223       -14.933934961285953     
  8.4596781183749528       -7.9934461733615780       -2.3495101194791390     
 -4.3604158759953604        4.7203749317789852        7.6741148330450324     
  7.5821017352419080       -5.7363892805239951        2.3460773901878187     
 -5.7633444066444142       -13.219834150719938       -9.9286023969237895     
  1.8455370251425103        6.5320769236342651       -6.9802119135952028     
 -11.990005244275480       -6.3699573538758179       -7.0913991004896602     
 -4.8783579103723049       -5.4530120540866243        8.0124348135405956     
 -2.3387653531965493       0.87901414176301351       -2.0668337224623410     
 -19.082364033126776        10.782613253375155        11.724241652391278     
 -11.936795476792922       -12.975902480012506       -2.7829450248907350     
  13.116019757051436       -6.8023800317469902        4.2663915688313683     
  5.5052762076820310        4.4533789404966360       0.62450794700449108     
 -2.7682790797199650       -2.0191849913151998      -0.22884203016530827     
 -1.5232223021823443        20.459154147998863       -4.5362728728799162     
 -6.1000179195942934       -3.9042097049729887        3.0529547561275026     
  1.8233864489880567        9.1188360473786076       -16.402516539663708     
  4.7005822168996607      -0.82883351894941071        5.0850626872338518     
 0.65686038333123942       -1.7505133101205694       -3.6345268640065682     
-0.92614735802085091       -11.418866418779144        6.3357561567875589     
 -2.5456339683755291       -3.5652276028811301       -9.3154807855136301     
 -4.2215128548500012       -1.2199181275272248      -0.64376064209855066     
 -1.0608264132835781       -4.0755869318381306       -2.1161371516038097     
  1.1095734297193243       0.31087492431568103        2.2605400541057419     
  5.7087910827831863        6.6302199499964400        8.5341193866193894     
 -18.053396303737038        9.7914199657037084       -10.380015132440231     
 -7.0057003214283888       -5.1726667133975610       -11.162054042073352     
 -3.1745962330306887      -0.36755788199648465      -0.11459793971912677     
 0.21358868764140559        8.7328807291007422       0.19362135763163502     
  2.1315554434345128      -0.91008447471644627      -0.50436273169570189     
  7.7414963000526598        8.4848219225837465       0.18437024921904330     
 -16.933570768991533       -4.3757273168105115       -12.874706932026205     
  4.8236395954427396        2.5010688730966231       -2.9201208580748999     
 -6.1931859662761086       -2.4480474281497568        3.0372351793276566     
  6.3947263691900780        1.6695706224924334        4.3729865218952968     
 -8.3707580053813491        8.0804989283516964       -7.8187954936633188     
  2.5328111873166055        9.6245340535782500       -4.2853775936937897     
  5.3262337752255711       0.14847146098615316      -0.20967138124698653     
-0.60056606366495580       -1.3605145605274547       -3.4675036305016165     
  10.162986513949825        11.051957514605467      -0.61193311967059050     
  4.8519747140326386       -6.4471954270204241       -15.554454296533613     
 -7.6845581293146337       -3.1973164685419775       0.93993229544555645     
 -2.5329198868623686      -0.33315373027985540      -0.98029671157183984     
 -3.4260455973776502        2.5127931442877069        2.6849857152704715     
 -11.233846320499401       -26.973677539115510       -4.6187430410350423     
 -7.3546784704567134       -1.9982747448483340       -5.7337303356834450     
 -7.4124983845957573        13.514370769781047        1.4973052099850370     
 -3.1809302649100886        1.5298485333609144       -1.9233231061080585     
 0.35555545420874407        3.3802144966679966       0.95817390258483381     
 -2.4293493401928208        10.988152271638681       -15.406992473970131     
 -4.6614720717822618       -13.136921034672932        3.3980795865235920     
 -19.686543871999277        2.2957520063479180       -4.3998752707777760     
 0.13624034137848684       -4.8996360324168000       -4.1178208854870357     
-0.27892455846663117       -4.1174951522320775        2.3915081658994923     
  6.7394066446923135        10.453459112116445       -12.151006727969952     
 -2.4699997362336972        7.1979661086161428        13.687632556726477     
 -3.0759411252322510        16.038762144046409       -2.0962432992727069     
  4.6395532467759679       0.31193732081943987        5.7891009978066021     
 -2.1865012721151693        2.3121029259819186       0.39393471589312995     
 -6.7996466925582695        5.9512034290094808       -13.475347290905232     
 -2.5218557182097259        15.025143109330566        3.6198481342135724     
  4.2494859186147256       -2.6556785996749666        4.5899487514147683     
  5.7391808025661009       -9.1614809558081109       -1.5600049121448316     
 -1.9512876020452501        4.5372076927077547       -2.6593503966410346     
  5.6065326849057433        8.0003805924043778        2.5412905804182224     
 -3.8156499353562867        11.662379790286478       -3.7806168259197848     
  8.0961328269878550        6.9822984696980459       -11.351861948200519     
  1.1147265039320340       0.43792245761156429        7.0509309440142980     
  3.5609152675343814       -1.4633807460347839        4.6670172373059753     
  8.5542979304063653       -1.6304719080658299       -7.4460786635763387     
  5.6672369926842210        14.716808764641318        14.429138722317294     
 -3.8382183422597476       -3.5465154976505211       -5.5977572063562215     
 0.17196838569802944       -3.1518232704800542       -1.7777659948518263     
  2.3634651214754760      -0.44394866049189091       -1.1341543766082067     
 -1.5103338963510424       -1.0734884468282060       -6.9576791145946233     
  8.4492057238551670        7.6016325921633827       -11.276984239299811     
 -10.253479149651310        5.1832497131109827       -6.2261787361617182     
  6.2946153852087265       -4.1827597640091438      -0.21281625536236282     
 -4.9513496142895290        1.5312182277321469       -3.7161966312527461     
  1.9004880824750994      -0.57022104857713451       -8.8240044809475613     
  7.4197307212342869        13.897498525858879        12.942084531091659     
  2.8075073641870678        4.0429460076989097        5.2241603657990359     
  2.8381257577889087        3.5174080628457598       0.41979701320373286     
 -3.9791202636157061       0.43449983534555031        1.5160304155753193     
  30.937359573152893        11.775078051953457        1.6800466289320839     
 -3.7947402752373596        5.9153545278324202       -8.9796073913839702     
 -6.8310154310104707       -3.9330463449167685        4.3256751810491725     
  2.3079951197362836       0.60389180200507575       -1.9743102719894448     
 -3.0787839611112733      -0.75977351169338314       -3.2991688857353605     
  8.2806723520095638       -7.9881808478625898       -3.3115756643308005     
  24.087645648193782       -5.1078798950921840        6.8463227139807685     
  8.9300450892171952       -21.319005589181938      -0.56281110015883029     
  7.0065495516247065      -0.13672202541095529      -0.39116647765042817     
  4.5952931690547709       -1.0712593712928278       -2.0313187423630898     
  5.3698465542572320        29.986969449011454       0.61074953949532163     
  2.3255287064360455       -5.3235598052731312       -19.788032760580123     
 -15.048052754079793       -4.6208035119368676       -2.1049168050785072     
  3.8428081987181524        1.1923389015039034       -4.9024276506080433     
-0.89564800120381205        4.9347648238355886      -0.36465659061712352     
  4.4836345847850385        8.3743562785967214       -2.8246793800755490     
 -3.5389029222086354       -7.5427107247907266       0.17588833501789719     
-0.71422745363524276        16.242311667701934       -4.9833691524143946     
  5.7244288719162366        7.1048688897089720        1.3323545781164770     
  1.3897490865276296       -3.1189500273335495      -0.79545137484358142     
  9.5077327475225264        8.4254974191817951       -1.3128631105258626     
  8.8492341652024606       -2.2098383905338204        1.9095259228360200     
 -2.6655390743952943        3.7859557054068969        3.5246667549432051     
 -3.0218087542227119      -0.32577164084333832       0.50408584169681336     
 -1.9430924480271952      -0.91945314969896641       0.50289291163772287     
  4.2094836228247114       -1.8494139611757821E-002   14.708448307742982     
 -7.3680864057571256        7.2949427182609705        17.563763253512203     
  2.5144889967827613        1.9998037121909580       -8.0742379501532682     
 0.45539754402010973        6.2786887234805748       -4.5430699258373641     
  1.0145069415828971       -3.5775689561226915        3.6284946050381803     
  2.3708744913129993        11.664601705511442        5.8438803335510237     
 -1.3113399584368757        13.834056405393643       -7.1377502152915628     
  8.0964479623420313       -15.272473506075846       -8.7537383018508011E-002
 0.95187450501799920        3.1216089609808253       -1.4564916066608913     
 0.43709970919782037      -0.27981104149065927        3.4708627868790924     
 -11.045520475040764       -7.2610125216412422       -2.4402815471338819     
  2.9211908047955970       -7.6763883833157545       -14.464172501976584     
  4.3451369478764583       -1.1974346744909030        5.4114818999662964     
 0.37063657180753901       -2.0840764178048881       -3.6929729264449179E-002
-0.63347714114847520       -1.4448616831030017       0.57943029443869221     
 -7.9650750058626869       -3.5454307512767853       -1.5937343510996513     
  9.1846197053553027        1.1248991324013349        22.155447006320305     
  14.319958679309696       0.92259207374608720       -14.353300834278796     
  5.0159136683008718      -0.32422840576295181       -4.1958100717763003     
 -2.9001214489611087       -2.1420544715867051       -2.0366118447823323     
 -16.019970696986118        5.9645421651974857       -15.428204933907875     
 -2.3924199635862093        12.501073818677678        5.4254079866271815E-002
 -6.5812142639227433       -2.0145753409012803        2.1483361203461611     
  3.4029862148994492        1.1305727883104320       0.83246346288703343     
 -2.6088193515824489        3.7043526412988408       0.70132679118343610     
 -5.9561584931287639      -0.24308663085220400      -0.41348340983461657     
 -8.3055965175592910       -11.652777159698122        10.237049045180834     
  2.6628542032675093       -5.6673372964250524       -6.3227560812179071     
  1.9633321246872466      -0.13348807822876135        1.7152538714064747     
 -2.6710423847651881       -3.7921957229824081        1.7004660596111900     
 -8.4318309135411180        11.248825624048788       -1.6545350771249905     
 -2.0395313639673773        17.963292937957931        5.3382668678172465     
  2.4915568661202006       -21.546601634524212        16.987288414044919     
  3.8629682852713612        6.3550852365530277       -1.9234484989771206     
  1.2438537583444609       -2.6948734563271097        7.2144671772091131     
  9.9592777003845150        3.1000280190577651        13.394931242338313     
  7.2577817624853802       -8.3845366579058584        1.5095912855871121     
 -20.285941151153615       -8.2938149915815114        8.6664393995455828     
  2.2215496296825039       -2.1179297426200883        1.6447621054631472     
 -4.6025408820059601        2.6375765102457360       0.29662342913562573     
 -2.8864638547889712        1.7311935885900600       -4.1622646621664590     
  16.813117047700896        16.073315382007081        3.2188461712841456     
  8.2054982960612275        2.4018800882218869       -4.4836571799035152     
  3.1038982404039066       -3.3654363189462897       0.85955716558850248     
  4.6750538736345248        2.7061834798293192       0.45183687585289684     
 -2.0199808911540851      -0.36654433797769126       -4.3581386773371333     
  10.925399888526815      -0.49803388300346790       -2.8256277812613222     
 -3.3415118142680518       -4.0252762670980022        8.2122857129335909     
 -3.5950534807780437        1.0795260607774002       -6.8663795205719875     
-0.21285397781916782       -2.9452419037105013      -0.17807926645929162     
  1.9987834406850948        4.6128500405477331       -2.3611446862674330     
 -5.7774710816223998        13.744229703249966        11.998627770969570     
  2.6025063342606924       -11.148610622145293       -3.5549149760963701     
  1.3980219953103246       -3.1322667407546172       0.87682635255527253     
  1.9720567106230660       -1.8772564408922161        2.6196740984218025     
  2.1909072727286993        3.8454473852799111       -12.480399236078279     
 -3.2174944624692183       0.81601710336677813       -17.113265398589895     
 -2.3006837572128367        2.7118617313033337       -5.3808111835977739     
 -1.3023300884463167        2.5977614120628751       0.74800596137647812     
  1.4674773853480309E-002  0.11663107970039056       -1.7528119145593646     
 -10.257285610026523        4.6708181367302002      -0.79196059980624789     
  13.387504595363097        8.5011602038618683      -0.34883714960649947     
  10.634788226134448       -6.6107496918682616        14.137003319375326     
 0.10896782001547561      -0.96450338035958161       -3.5660707747507092     
 0.12639360224299470       -8.5746002996415660E-002  -1.0367089469536350     
 -13.934075452858016       -3.6787886745405345        7.1180943867208075     
 -8.0929082803655561       -7.9833722534303027        2.9384124593475134     
 -4.2444260440810710       -2.9426271385770342        13.696603121360090     
  3.1900703068125642       0.49666579497416680       0.79895467145972920     
  2.2235819583927754E-002   6.4459162049795014        4.3343263083228702     
  4.0024576601951765        18.041529729960700       -4.1398394236730836     
 -1.3044376559228354        8.2597721363121348       -1.6846656070608985     
  9.9191975821161531       -2.7489870728321253       -1.5709400498032304     
-0.41849809774860225       0.47753282130972319       -3.9416244323937000     
-0.91008825036810870       0.77404232056979394        1.1014156235253323     
-0.35175930684706708       -2.1471744438350808        5.3688256130748000     
 -13.452005589875329       -6.6409364597670084       -12.579500541736857     
 -4.0189929340951993       -1.5403462973528099        7.7661290408375532     
-0.56653541506714133       -10.210675622106345       -6.0406165957259068     
 -4.1137935078810663       0.53856906583833541      -0.37304664408156324     
 -3.3952006262746441        10.121105670874012       -8.6292986044435533     
  16.164802747908897       -9.8207623005069316        2.0319164087895656     
 -6.8341157468625831      -0.63799421916129329       -4.1594296872625618     
 -1.3422961170037653       -4.7932067409334156        1.6401014341151317     
-0.45262641795906733      -0.68528073125155797        1.9374869477148529     
  2.2125954150311404        5.7044825588173964       -15.913818152554084     
  13.997970286170004       -17.002041558357206       -6.4954657970890333     
  6.3908552345246123      -0.57540865977676903       -13.107053217474325     
 -1.4760241625195720       0.35186073220733999        2.0091782594210112     
 -2.4325002106719475       -2.3909604996939411        2.1801609203650636     
  15.955155736490056        13.374870883306816        4.8758547743540088     
  9.1744482916914372       -17.267974219976335        7.6615250671415627     
 -4.0336370143277946       0.24720472659226650        1.8689942972510882     
 -9.6469367309300974E-002   3.8351664870262594       0.45726413110557684     
-0.96511761926244244      -0.28430899668809057        2.9295930695847736     
  2.1303055266680326        8.9717716576921021       -9.8866630033083744     
-0.77339255134131180       -10.612081833677442       -5.3756374586449676     
  6.7309851699895793        15.517344335497155       -5.6992951265273559     
 0.13587030208347797       -3.0639039649707067        4.9004200026906011     
 -2.3288409876436438      -0.94134430419689241       -1.3059281881590483     
 -5.4167571773597194        8.1863326717799750E-002  -2.6834693898756345     
 -2.8303668735648624       -20.252520197894189       -4.9932514842971063     
 -8.0523865562987424       -7.1191944578367172       -10.788815992806581     
  1.7048207468344767       -4.0645712444947195       0.58257960779587636     
-0.17803662000237858       -6.0430738040628391      -0.21996039692599156     
 -2.2218534659331408       -8.7498308986089715       -8.9910213882082388     
 0.70180835944308240        1.7097118587084259       -16.433267962010085     
 -11.482901143935758       -6.4526698675666250       -11.233925995936687     
 -5.8972223915448145      -0.97808000785930493       -2.8196611373833398     
 -5.4218989142453760       -4.7456059545678437       -2.8781824645727325     
 -5.2564619596232447        8.0445538068024938      -0.19916802249071786     
 -4.7165905999498223        15.689632849325090        2.8809180564002244     
 -2.9538174725315094        8.6410030422849538        5.8513992299682158     
  2.4412270129366060       -3.1387739441806537        3.5179831517093199     
-0.45605992280952812       -3.8389481313683165        2.2602996482169617     
 -4.4665090481557463        4.6415292529321031       0.29586511682017469     
 -12.930803668284002      -0.27263239516483928        8.7152350094497191     
 -24.348210747241442        1.7035241860784782        5.9951808155921933     
 -1.2490348380761420       -2.5476637672897153      -0.26021444003571109     
 -2.1028424012176270       -2.1675009199890551       -2.0226997336170531     
  16.572954499541488        18.915394280649675       -9.8195912638738925     
 -6.2763207026974319       -7.8235877219807364       -6.2411464221931530     
  7.3188174438945621        3.4399097356370718       -16.215586601773012     
  6.4492032243538446       -5.7080311034013569        1.9023201307494388     
 -2.6539900992164585       -1.9263083190728865       -3.3265893230115622     
  4.2465093695774980       0.97191469019262577        6.9075798930462584     
  2.1151550544738633       -10.866937125225828        1.9781134787681736     
  9.6097440432162298       -3.7256301676180912       -6.8642754282252909     
  1.6197876142261409      -0.73256032181914010        4.0573936277857765     
  5.6964666003585851       -3.6752259276868169        1.5835506782301083     
  4.9017385912229745       -12.289189583936466       -4.0772387376314390     
  12.339971490815925       -4.4611130036414774       0.21428049042399661     
 -7.3473155711287887       -3.6048528628426046        10.560164150350934     
 -6.3873689364616668       -4.7352879636231968        6.6834495129242439     
 0.57559273522309740        3.7749756733207134       -1.9708090952706323     
 -5.1883377739121963       0.96581783587728942        5.9662027575831589     
  5.4218659665775819       -2.7630068332757078       -4.3124830910275849     
  15.217470916133811        3.7136472123253155       -11.070218464147855     
  9.3235370125457670E-002  -5.4167356771398216       0.26735952115032985     
 -4.4823323332919633       -2.7391488320907555       -2.2816685449955072     
  3.3065677550200512        4.9146664151371322        13.672475037012530     
 -2.2402266008636915        4.4144311184578147       -4.7149514402368728     
  2.6019775160415626        13.261630718082650        1.5931506020755906     
-0.68549695496211593        4.1689443390998395       -1.9141172349353222     
  8.8580839051644489       0.87869936210238120       -1.5137614550950782     
 -16.585660524969363       -3.6126194062244990       -9.1136572187534703     
  2.8327154407368793       -3.9135050037910926       -6.6384425232775666     
  2.0707266006425260        4.8646324202773785        10.125488329938026     
  2.0651949820705124       -2.5164994312364457       -4.1924498554365011     
-0.35182898654215405       -3.2603101746985179      -0.74044570648698960     
 -3.2438342676949867        4.7909858396879201        6.0218484916359714     
  3.6332387855111965        1.5280931392464143        1.0221239413003103     
 0.55943394029939042        2.1243256263068475        5.8472462907123814     
  6.9391278083029349        2.1620270868910083        4.0724654563620186     
 -2.7624288772303172       -1.8259795680870379       -1.6890519078494943     
  11.897712959177609        2.1887274869961284       -6.3627204363695631     
 -8.7128523699407615E-002  -4.0457199923046945        3.7412371678115708     
  15.573262427474390        3.1706918003114590       0.30640973791470133     
  2.5556227129097029       -1.4320818931433148        2.0628378489752848     
  4.4464687692978346        1.1578913227252428      -0.25347546303327434     
  2.8722754293470953       -4.0048777995920881       0.97465180412648489     
  3.1771867988030866       -5.2075128330167306       0.54281193147614681     
  7.4453472403629162        8.5162481310399372        9.1754583553813696     
 -1.9357674455758540       -1.9440685245184282       -1.8160885121072239     
  5.8823108135137101      -0.10898964347311894       -3.5403454385777300     
  3.5897112878923285        3.8497352641264602       -4.3686722301661574     
 -18.536978812094691        5.6305229041277345        3.5427013578209321     
 -9.5295314772998729        2.7497760786710961       -11.672268424904988     
  1.8844998992683224       -5.2671085850916484       -3.5519143976461329     
  1.3494644902429627       -2.1756167989440596      -0.74626921507668775     
  1.4678196781873840        4.7678479625463206        15.628126798364367     
 -5.8422977726573997        11.500729065308274      -0.49877290620012038     
  3.4336820595044939       -1.7080831082132713       -2.3524675646446740     
  2.1487304625109380        1.3946516064646104        1.8555474516437378     
 0.98280821138354457      -0.40966054334411223       -2.5320859098579231     
-0.10965771924611581        6.8483599612782999       -2.1288437677665213     
  6.0251699849808391        2.8885868522442628        2.5284464357963290     
 -4.8040270383004477        9.7123872564885882       -6.8756671072583648     
 -9.8369758863199621       0.16738972083673778        5.5133218414499883     
  3.1657013364686546        2.6534068089670142       -1.5828714479439754     
 -7.1827905913808028        1.0460688515949581       -5.6731574424780300     
 -15.512574657264695        1.9749250888962868       -7.6489409725945618     
 -4.6101723843646596        8.7766876328273824       -2.5692606417014288     
 -3.4138012316627555        3.8241789924473468        10.102432569561790     
 -1.7047763688105064        1.0364100966698993       -7.2269662477278835     
-0.18222455458014949       -5.1732532071543185       -1.2171524142382721     
 -9.9234432215958641        9.1239288727683903        1.1273246671108703     
 0.88222611313697097       -4.7495392534518057        5.3570535425720518     
 -1.7948569717635618        2.7999525624543073       0.15399600296184038     
 -1.0069204221050307        5.4974860488940749       -1.6977529002800886     
 -7.1287733580472796       -12.759735310134467        7.8544353485662297     
  10.992614984399065        13.664225611476557       -19.752052539782817     
 0.75824465051612699        7.2872315166502499       -4.4263583985623498     
  1.7635387960433107        2.7157341849341465        1.8486287513415967     
 -7.0564190056513523       -1.6864337001337379      -0.58760436210718914     
 -1.0919467668660245        15.242343000910447       -7.1493326389951832     
 -21.550354384598464        4.5633395366811360       -6.8658174262890279     
 -13.752392525800419        4.2661314941099251       -12.390332383405106     
  1.1260612625975113       -2.4544111214702919       0.97475510555733835     
 -3.0733688880572845       -2.2728243557360514E-002 -0.63153119628123766     
 -4.3012766573118864       -20.719999654537570        1.2516069809996706     
  13.528319896167160        9.7966198066819405        1.8536637367944211     
  2.1718653477107006        7.8471429472550662        11.666326356528373     
 -3.0158310327067781        1.5110183225090641        1.2948702852593827     
  3.6700791727434949       0.88218985707305475       0.40005406035845309     
  1.0362362795951261       -8.0750815857814615        8.5817737707897468     
  15.669867129346091        2.4879313872877513        1.4264726404192076     
  9.7456457217242090       -8.2632539230678930       -1.6759344860690248     
 -5.9573169854882568       0.13493644674200739       -1.5678060586271143     
 -5.5055562562389042      -0.81598850798352884       -1.8779196150418485     
 -2.1148182171779624       -7.2287477669412485       -2.9576842854222360     
  12.266556267106058       -6.2468355728791352       -3.3809815607551927     
  6.8932907019244887        5.0069091653691276        9.9818938363514645E-002
  3.0523559328331289        1.2283555174285177       -2.4124177816717416     
 -4.5476765145298588      -0.96701801805451881       -9.6950060420783621E-002
  5.3079824906889934        1.4718544888480092        14.626141401684277     
 -9.0901601079943628       -1.6964574367158085        7.2828892883960448     
 -7.4113635789381327       -15.249823811589259        12.381479620078997     
  3.0578553177717427      -0.44490076689566610        1.2072866618426950     
 -3.1537359373464540        1.2009985127755438       -1.9010328660290436     
 -16.691031409408321        15.427377299290113      -0.31110027561053299     
 -6.0471976184466198       0.98514090032635426       -2.4722791562392179     
 -3.2958224920658568       -6.2467835779208045E-002   4.2473500917096576     
 -6.2550585092395741      -0.26181368638797781      -0.51777095440579191     
-0.68001166014762005       -2.0981595895138327        3.0321695637171637     
-0.88050344657099766        13.747518887076060        11.785280175253936     
  18.176310493274244       -5.7311651255787881       -2.7289482204091535     
  5.2412223751235105        7.4970227668385254       -5.3794759864916690     
 -1.7290904655817700      -0.51414336325510368        5.1592557068018818     
-0.29721422011936699       0.56441740924842687        2.7095164204748370     
 -7.1550454089494702        1.8952429460556797       -4.3885894358938238     
 -1.5882716327302351        2.6473813879134980        6.9258885001081705     
  18.760241690196747        3.8819751288756321        3.0547340174072461     
  1.1925303872917370       -2.2615656905026391        7.5331011793420579     
 -1.0089649414251227       -2.1845816720436027      -0.88295630497237143     
  10.838663362576911       -9.2886608106648403        4.3187283222066766     
  8.1374128636837462       -7.7362365705303260        18.651533218912203     
  3.6112567482514160        3.8919038881297401       -5.8285904420278793     
-0.57643585542352016        3.1878668311457514       -3.9174601917235004     
 0.92573438883286530       0.46481972325222570      -0.90083576558300416     
  1.7784288427867518       -11.773997936513123        5.0030173103688895     
 -9.8303244330823700E-002   9.8013724689487365       -13.006980181420781     
  2.7370507995462496        11.940023867581637       -4.0097846117020364     
  1.3605266226688615        8.9924543632238674       -4.5272754895737766     
 0.32341483388215447       -2.2333688083864254       -2.2088391498167628     
 -11.322314935561586       -5.5672069664533526        6.6720066137151903     
  1.5969805331573268        5.1739347218714054        3.3474374506148541     
  5.9091069679436998      -0.98245279109864780       -4.7538468547093036     
  1.8180698714948851      -0.16461941496157570       -5.8908638358571874     
 -4.8742777423855062        4.5706545240646683       -3.1739225174017971     
 -4.5729783601128071       -6.7519927844417866        21.447781592391049     
  15.078665448510623        12.857362316649379        4.4594903937235690     
 -15.688811443667177       -22.830721259047895       -9.1102195863907998     
 -2.5878628050987658       -4.7984666519710499        3.6332986279352877     
 -2.7995387613161609       -3.7816243627249211       0.91680248338449788     
 -8.9864150286944486       -1.3470497876243364       -1.2458539011087144     
  9.5271236636126275       -2.0855017134427758       -5.5297367156431561     
 -1.6340388295052717       -8.3322435098297483        4.7848403649331397     
 0.60183009109576702        3.3881096416085357       -2.7137271848931173     
  3.4108426223104864        5.0909490978583598        2.8978680996728090     
 -7.9072217088784962        2.3061873806292668        12.744791824631633     
 -8.5188959135457480       -3.5484697259026023       -13.271248715995512     
 -9.0420449483395728        8.1093423368246302        2.0183073829678500     
 -6.9829142515510565       -1.1113276655631270       -5.3489547298404672     
 -5.5755720992790172        1.4460698215657311        1.5360541179096781     
  5.4207804163896158       0.82039944223505101        5.0503350446712654     
  12.429718176284711       -14.420326348381069       -5.9682234036393584     
 -6.1306890906594145        18.164323760842215        1.1944288015650226     
 -5.9797219680198701       -6.6764826051915351       -1.3825653240283808     
  2.9651355144323843        1.2238378175683149        2.5316445213185439     
 0.66631152679887817        14.835087023252751       -6.8802113611976106     
 -8.2093866640781084       -1.7317778086497628        3.1540359250569745     
  9.7711332503754225        2.9304139024627163        2.3292458203966606     
-0.13948109913795745       -1.7447671485941099        3.8042965932489508     
 -3.1520850466129882        1.0973705371273563       -1.1077068890787329     
  18.080931989505626       -12.003160785963615       -9.9397855096539818     
 -12.296100647147030       -6.0323849318451961       -4.5345192106233139     
 0.68334378975502719        1.8006410197305993        5.3619042890499751     
  1.1240924965406300       -9.1132746104368323       -3.0900381651160158     
 -2.7438486180663224      -0.81626593659627000       -3.1223884789377343     
 -7.1025128992285609       -2.7748345048860896       -7.9709286264035226     
  10.057355352700139       -4.3450840829539983        5.0927294042350315     
 -8.9144385388466474E-002   19.912940699970452        17.841511402819378     
  8.9422322063174988       -3.5116240529516793        4.3073157147790067     
  1.9505299274120500       0.90247688533013160       0.86494514782060572     
  6.6950214621292572       0.61581267499588710       -22.031866730135807     
 -6.1310475775559148       -1.5642946178974817       -5.0755025115746166     
  16.194907277323395        6.7082079482825394       0.69650145726897439     
  7.4128470373422255       -2.5982147658902446       0.22227889687859331     
 -2.1096152542584199       -2.1633518752791825       -4.9782302788726884     
 -9.0409950672339239        6.5105518976630403       -7.2990658927655954     
 -4.8702790590084852       -18.103288479045247       0.46757259190003109     
  13.038928815716385        10.434174672045796       -8.4368441469219793     
  5.7900594673927698E-002  -2.9576755333373379        4.1603053652091440     
 -5.2610027224309075       -3.3643166364842934        3.8685872231548353     
 -3.7820087130217110E-002  -2.2307611599304162       -2.8768133557692090     
 -10.264743428188277       -15.429817976150607       -6.4366021393174879     
  4.4312207614777464       0.96624116119409342       -2.9687139092644448     
  1.7122411862929121        3.8340071169302350       -7.5502474499762480     
 -1.1956610374148564       0.24607113315038034       -7.0369485810849790     
 -1.3103192301359023       -16.848349468907397       -13.781999994569519     
 -6.2189710281677621       -11.675584784338687        10.644260856647058     
 0.36786063892355952        11.150802838564537        1.0468790539314412     
  10.752357838624523        4.5150364175759634       -4.1928751927084527     
  3.1658976859514096       -5.1708430990936831       -2.7560311620826838     
  6.6730534174326053       -1.0353027801474846       -3.2217655718366411     
  11.075940561945407        6.7278910560343590       -18.069563437316265     
 -13.115310887556046       -11.219327544324306       -6.5242588773264751     
 -3.6574223778317854        6.5652292594327752      -0.70188570901983260     
  3.8399711772125307       -1.3212943549500937       -1.0492863538263570     
 -6.5943170442039554        13.655855922477254       -3.6817510330439451     
-0.56968459235954050       -3.6257469250547705        21.239286748663101     
 -6.4709003206002320       0.22865309485237137       -11.109766277225336     
 -3.6869590602741558       -7.7700803947562909       -1.6588490451256048     
 -3.9736425321068554       0.97170157919924016        1.1978099101124942     
  6.3937262658895770        10.496525899093925        2.3589811140257528     
 -12.832829647353945       0.16721586019217702       -5.1221681366876926     
 -6.8202299521733707       -13.567677236434511        3.4453735868595121     
  3.2614393969558946        2.9688252213848823        6.1487707139497552     
 -6.0010363697116755        1.3491025538401034       -1.2182979786160433     
 -19.581749953535404        1.2622562241459032       0.39680655290332256     
 0.26596370802832398        10.153638199619328        6.9133418843844305     
  1.0347830891961152        2.3152552878213508       -5.6068036476622396     
 -1.0012509759642259       -1.8060222688912579       -1.6490587776248649     
 -1.2440743047342238       0.22302034647228780       -4.5140841024521849     
 -7.8282176207858623       -5.0744731889082146       -13.294406223676786     
 -4.3237505013042821        12.288475393184457        17.907193477011948     
  11.171638545709396       -11.454445643389105       -8.8402921316296190     
 -4.7579216404342191       -6.3616898247904512        2.9458245459874886     
 -3.4191763884721929       -2.2867661717626135      -0.84443829173629559     
  7.4785434861706168       -10.655643961150293       -1.7798510592214036     
 -3.1116038879840255       -7.0352281009468403       -4.9753075916247909     
  15.650457512235592       -2.4151177873093088        10.289309565014531     
  1.4897198459571797       -2.7936376179312323        1.2359735517555550     
  3.5888509127884110        1.1595020487469543      -0.52748417332048048     
  5.8210155597391644       0.45982279277766924       -27.445823048589528     
  13.835427515215985       -1.2123811043213684       -5.6513033175903846     
 -3.2570154780767848       -1.6623904866513901        5.7015639337844384     
  4.3341544716072153       -7.6084885543379173       0.88034189840095434     
 -3.4103445843550362        1.3069165687423030        5.7478322775146280     
  10.232982016037967       -2.3940425878246931       -3.8215880002837763     
 -9.2955966642855010        2.3856318351761745       -6.5551089719185427     
  2.7999569535349558       -2.6634194284334480       -7.8547623646111369     
-0.22994809788159709        2.0067825807134292        1.4726525668277559     
-0.29667752874428210       -3.6672046351058349       -1.7989151713249047     
  2.0238729379408222        11.187504828175008        1.8817334794673206     
  8.5172729082326537       -11.829609047579444        19.918316887419895     
-0.56636584635993914       -16.626253445090583        7.8466266667782865     
 0.33222986212809485        2.5974939122933542       -3.1734273673194573     
  2.1143853775915669        5.2366952457010978       0.36279633858081045     
 -1.5321667230426574       -12.441039854815687        7.2623769768321962     
 -1.9707769906094819        1.7266696660247152        1.8217581419210904     
 -3.3982168375715709        6.0025636107359199       -11.853935878335459     
  2.6579241406594649        1.6417320689853407        3.8559604342374842     
-0.86323959062625899        3.5711603803545193       -1.2289890486296129     
  1.0416978992291781       -17.617242926625888        1.2289586385690150     
 -15.123821751326300        11.535910990656726       -13.820033571037245     
  1.1650115636178875      -0.16824319815019875        1.2596240062875739     
  1.6449993312531115        2.0962630099254618       -1.9020886705973363     
  2.2427594587172388       -4.5574277363175408       -1.3252468017336978     
 -3.2480035298987713       -18.095488383603829        2.7259178431671116     
 -2.4932704176407459        16.771644404760451        16.522226925480869     
  7.3909403304025973       -5.7332581260255902        10.840610853812105     
  6.4016913711723067       -5.0195691723896605       -5.5777020567174294     
  1.7127980455679792       0.58255317263167172       -3.6272844391460857     
  1.9497231712183529       -14.987126574438401       -1.6930159755600422     
 0.53580799164451165       -3.3717253740565649        10.040012598255766     
  5.8094955656550074        11.399529908495582       0.25779295686502895     
 -1.0194965500069846       -6.9175846101961200       -4.8477454517484615     
-0.81638765261632473        2.4253481286616774       -3.6376704381243692     
  6.4335528483509847        5.2336824766154901       -12.541912142073105     
 0.52006403873444629       -13.396304740369082       -1.6242453616252832     
 -9.5241014835477920        9.4833874061330370        7.7451672764755157     
  4.3832015443633869        2.3927104680691587       -2.1138106117143018     
 0.41412643600603810       -5.3116867290747525       -4.2058605840670218     
 -10.696124999097998        2.2415796630726548        6.2018135857071934     
 -6.8910887764300197       -18.230357911186942       -1.4559574966285429     
 -2.0850491280238095        9.6350726078862081        4.0841685992571310     
 -4.5345696870002907       -1.2024034278824154        3.4465351407682472     
 -4.7239350554158506       -1.6071131637784264       -1.0940567268320771     
 -4.1759224587486008      -0.86951808189598934       -3.3293784937676523     
 -9.4444432261640578        1.8219317013560712       -2.9723424767362272     
 -6.5820768496305826       -4.6011979417990974       -12.618389099581696     
  1.3363872916814541        5.8631482954608325       0.68389158328982314     
 0.90654215563497220       -7.1203093072097410        1.9652387314505049     
-0.86323327295758912        8.0649220384159594        14.856232438684714     
 -12.020487975135437       -23.106692159409228        7.5359616645867167     
  12.226972662787997        17.192602990135118       -7.3634171864755960     
 -2.9387741409288326       -1.3849226223355406        1.1170798890003208     
 -4.3659169588546924E-002   1.4225411322834123       -4.6444115811600639     
 -12.900614662506610      -0.22327231520813498        2.3630061415418750     
 -20.855187134131718        10.578056571192736       -8.6079911381919132     
 -10.531009975508230       -4.3268790248606335      -0.21167916223951075     
 -4.8406725465699614        2.0765796250946416      -0.28968257438556544     
 0.55006839702630728        1.5669988129488417       -1.9198977833567412     
  8.0869042764738701        11.700450807565437        5.3003538034578348     
 -4.2239919555278185        25.168875071620693       -14.408303501422662     
  3.5804182428676143       -3.5223898831946605       -4.2296518377300543E-002
  2.8848331568269579E-002  -8.2801845323479633        3.2991993513897468     
-0.33639881094129215        3.4372235463302370       -3.3648853663054319     
  20.031905887964061        14.397613274913311       -5.8341016132555055     
  10.231200611170820       -6.6879146045303957       -14.020279189326313     
 -8.7528459967905654       -2.2568052757246351        2.7104746608849348     
  1.6890576188029325       -3.6562305126544703       -1.7341377235358104     
  1.3852001384302419       0.49846092336971209        1.6080089603361374     
  4.4331754396471590       -3.8056202828938757        1.6362955021848418     
 -1.1935565738879679        7.1421412359348206        3.8676615712653639     
  4.2422002117579121        10.548612765525018        7.4004019504337908     
  4.3007472183586088       0.51203450530014638       -3.4171139619713982     
  3.2682173632711660       -4.3583012737720823       0.69819435573497501     
 -12.641924823005230       -3.8600652506780020        2.9139394268349017     
 -2.9095711617339668       0.18735267944400527       -14.494807911413805     
  13.022763152875008        3.4098111760269414       -7.1768018587182878     
 -3.9327600356183416       -2.0786924902829815       -1.6634373458134091     
 -3.1083752973837551E-002   4.1978109132676620       -2.5940375704568366     
  3.9306305085424782        4.6725434195925786       -13.736868642314175     
  1.0412621104318260       -7.8567857874014768       -17.047273691895569     
  9.8864370961721004       -4.3558818024188843        24.437393097557980     
 -2.8071294814750258       -2.3116599251447769       -3.9941015183521524     
 0.25432753784073558        1.9086081567342277        1.7642680415331664     
 0.10847946264510085        12.237210678029799       -7.6880205982959335     
 -14.109774494925491       -3.9651891411203284       -5.5376672336991133     
  3.0727106156787918        16.848264670813808        8.5225061111612508     
 -2.7325618792072190        1.8834109257673401      -0.19482093781408663     
 -5.3892326284124765       -3.1726918384221423        3.3058834920076010     
 -1.1887562842101351        3.1823853871914167        5.7047189776945064     
 -10.928515433934882       -14.153598677051535       -21.990850888162413     
  4.7817255060613286        4.1212008132429032        6.7987584464185806     
  1.5974886289075692       -3.0102229868636869       -2.2316696525704169     
-0.11146700600271441      -0.75114649413775603       -1.6315051644066585     
 -4.9279734075050916       0.77539586614442324       -12.733916583806133     
 -2.0489258480005090       0.95854123181874795        7.1668335883671643     
 -17.181152852902166       -4.1178487918244517        7.1634480601574353     
  4.2835630380824314       -1.2937714711256585        6.2845512075328651     
 -3.6190946565255291        3.1497257392036402        3.7645108976796426     
 -6.3726800370968428        15.456732834470092        15.340123058776735     
 -11.571222898244983       -2.7681606724052652       -7.2895084126964624     
 -4.6473960588317729        8.5554852016368521        5.4520325889483443     
  3.2864954952845209       -3.7614484423174170       -2.1639821127045131     
 -1.1110897889822720       -4.9190410320092370        1.7501874153688057     
  10.766078334053292        1.2781360680941796       -7.1036676289917526     
 0.13288995544011548        6.9565151997135724        5.3554751573624086     
  9.0443347553800564        13.235121131493839       -7.2746182265290145     
  3.6512824713389098        2.1409767352316331        11.959483752475307     
  7.0099289706850421       -3.0223405561017866        4.0232715202702218     
  3.9900478948653166        2.3765804170067040       -7.3529992114512721     
  16.503499209064969       -5.5256069139578274       -2.7781192905554080     
 0.83396865415194088       -3.7596013590947908       -6.3091689405951881     
  1.3997597108503939        1.9940800478135912       -4.2965628978308574     
  2.0883469922066120E-002   5.1230879326301677        1.4339947168104186     
  8.6730237170417901        10.506035380308623       -5.3981347928155463     
  3.2010305504428125       -10.716581090182752        2.4516914420186802     
 -3.4827392428153723       -3.1836696893380947        12.832034618643323     
  1.0940166148038835        1.9154665657451431        5.4352510853203908     
  3.1980429719984382       -2.9500869543028134       0.96524131140711866     
  3.0208673411239642        14.627248744956960       -9.0458837241030668E-002
 -4.0317912286965090       -5.3798889090779092        2.2201828881627468     
 -3.8134665818221771       -13.480055856401288       -7.0233539368335238     
  1.8998873421122233        4.8098085419791694        2.6098628845621183     
  2.9202216752044685       0.64879668600873219        2.8245234786733388E-002
  13.295260544361257        6.9498440586086918        12.474003445195804     
 -12.508392403883184        4.2345517133612782       -8.6362844146108646     
  9.2150022400009686        8.5031173367844630        1.9619386925011553     
 -6.1452008634646651       -2.4926138260462678       -3.8003110480664248     
  2.4685469828640363        2.5955223010255120       -1.2582279817938142     
 -7.2196502392479216       -4.6815099327976188        10.486370238781861     
 -12.450395298242407        2.1430205187298399        6.8653006826505445     
 -9.3026238081049968       -9.1888751640453670       0.53857647376772477     
  2.3871681451737077        1.5763947130426561        7.8473455379891348     
 -3.3861361189475900       -1.8330038654148801        2.0528553274071593     
  1.9079305674399789      -0.20912824506559660       -4.9371023577218655E-002
 -10.725216602309009       -7.9719380124608987       -3.7055986726441246     
 -10.542620973492252        2.0027522074350546       -4.7563589091889487     
  3.1125322593791256        1.6951886234146931        4.6476084679378245     
  1.2229418149172147       0.22981929115471700       -1.1830519297280488     
  6.8575483569727202       -5.2572121165960901        1.8756391143488549     
  6.4414254226318342       -3.4260698193800088        5.2192911280776570     
  8.5462103750876786       -7.6520833329649003        5.3734354557828814     
 -3.9568695335431907       -1.5693446518920497       -2.3544275086137341     
 0.51469956689602347        4.0939413432253300       -2.3877462045224265     
 -6.8829755761722984        17.552070848359424        14.167528298402406     
  3.7725594746399964        1.3861994839264888       -9.7826360477689516     
  12.754237991631552       -5.0797962932977496       -18.919046199612467     
  2.1734078215560357       -8.8012143582321922        2.5434060882139415E-002
  1.8322398819833234        2.6293017265372396        1.5279823835415307     
  4.1170086029917128        7.4583230016556570       0.40297514587316030     
  1.5397983658336740      -0.84006284543464527        8.5518872044732905     
 -9.9040850046829281        12.623902940763351       -8.0254525723715240     
 0.43455179133709598      -0.83760550919962873       -1.5317700576313096     
 -3.6549407174346302       -1.2425157199658787      -0.18421369491248821     
  9.1034807447045001        8.5789343774148783        11.225135902785448     
 -2.7688331532579702       -3.0717397040866690        4.2692058310861656     
 -1.8098320197307216       -20.191049085970342        8.9355673580690773     
 -6.7104203319342108       -2.5531431284635455        4.2368277316436691     
 -4.7477642973146548       0.90677621232040506       -7.7376224770293010E-003
 -9.5279501549196404        3.0781332601391318        10.037431131160762     
  1.6207076012802883        4.3483013618701980        16.601065190728367     
 -12.156944342940697       -14.157054285973267        6.5666956513116084     
 -1.5550049369995207       -1.9025820675137894      -0.72527935260303444     
 -1.6474286373633649        1.8524958409994559       -1.3329705015241180     
  8.9904807510288567      -0.34946075130237730       -1.4697676873173600     
 -9.9416199379780696       -4.1043755191311009       -9.7636526220779807     
 -2.3881677246977673       -6.2072477849731982       -2.9225539353206584     
-0.10674782694746245        1.6733414887042730        4.7592218114495468     
 -2.0309085762740944        2.2291123760180787       -2.3026056341384806     
  3.5439448684280745        16.494123102254193        3.7151135220922837     
  1.3648355950322335      -0.84991969233873399       -11.157309167739225     
 -2.4284302228790549        7.7507515767228758        12.732743579417299     
  1.3570461144206930E-002  -4.0747165692028693        3.8777283493998609     
  1.2123893606212024      -0.86230922937455601       -7.7030082194392584     
  9.8175875904526677        4.9427421130528089       -2.5076438292736043     
  3.7047227725400296        7.2323308876923882        2.2096606996113679     
 -6.9413587164968460       -10.901918390961995        16.336318772886077     
  3.2127946080480463       -2.2817211970958451       -2.1940927254794937     
  1.6608629349367725       0.81969030339848803       0.91214653789913502     
  8.5740969203341617        3.2545160930270485       -4.9224238322047666     
 -7.4173404277818573       -8.5922347306396514        17.344366166616162     
  7.5175470862427920        5.4906024500874233        1.4896122344778382     
  1.8029443772472553        1.5828167906646040       -3.1464606564886206     
 -2.4579680377056286      -0.62707746321070867        1.5610756674995199     
 -1.5312979359040204       -7.8344857745001715       -6.1057078806304537     
 -4.2224328490568803        3.1002632771938359        2.6357814033720883     
  5.8821373175218596        9.9217112725550916        4.4355117130053596     
  6.4621706138017904E-002   1.4275371032382398        3.4193306213869548     
  6.7629968167311283       -1.9786381526698824       -3.9721314294790417     
 -2.6863916681370030       -1.4785221490420157        2.1820483121174989     
 0.87262813017797392        7.5701006096989474       -15.296800154461806     
 -10.396781786378618       -1.5349781985740654       -4.9368715212538428     
-0.76075642929236098      -0.45004622189986343       -5.7021093071682447     
 -5.7669187228319085        1.9565442793825114       -1.3687201291885978     
 -10.847799115305451       -8.0400649097390193        1.2453187658171381     
 -6.1767711953718045       -1.3328973486161495       -11.875737204466430     
 -5.9318120839462498        12.232493904052994       -8.4680653960109566     
 0.28398417447363017       0.37246681118652164       -2.1374913414150676     
 -4.6420373962908696        3.0646358620119827        2.0251835365797954     
 0.26495611894169763        4.3542251144317570        4.8400992461507863     
 -4.7361827017491080        25.693233803082855        2.7177058998125672     
 -4.9475490900695984        3.5171352635071793        5.9770476011298337     
  4.7517208917295335       -7.6204870249055187E-002   2.4112941310955907     
  4.8773971890304759        5.2346478732636967       -6.3472643926181691     
 -1.2241411939797551        3.7229373578176643        10.929095647979382     
 -4.4017423717651774       -9.5521163443688692       0.78525045288590922     
  4.7666196164089341        16.425553032246565       -6.3175429903086044     
  5.2564557525614708        2.2600739897251856      -0.26817505394556029     
 -1.2953666686308771      -0.52167900918696020       0.15002351681982962     
  9.8814025821665119        4.1676512910634242       -5.6124272605100751     
  6.9088307673237894        1.6905548242781840        16.079101469024874     
 -3.1126501935800759       -2.5792964086237720        2.5776683573725534     
  4.0397747009376745        1.6874779801690940        2.3425755140662394     
  1.9605012755182729        1.6597001959626689        6.1323782772464253E-002
  8.5593096230822301        3.4818663419929505        12.100452101597758     
 -9.6430192265410710        16.797922946718273       -12.562240095597680     
  3.5815893803206102       -4.4996924924622421       -10.084596106815150     
-0.63641171709145150        3.6569752780727658      -0.59659323424739896     
 -3.9288209870724526      -0.19921094475625123      -0.77900959026220373     
  16.148346207334100       0.99963379871326108        4.4082273439882638     
  20.855641940209079        20.495095501598527        6.4586161881340853     
 -2.9892514772048013       -1.2279879019175550       -15.085630346123237     
 0.29036384389403774        1.1206688579509871       -2.9489848332884905     
 0.70060653808858830       0.63948798872904866       -2.7389381132792785     
 0.53581937717193795        6.6527280469966987       -4.7880045693291953     
 -3.3468680558180139       -3.6380858806292427        14.186362155556148     
  3.7273886542930810       -2.8844619250503647       -4.6549520463018181     
  3.7612346996195538       0.55546091426827127       -2.4122168798960408     
 0.45701059190907917      -0.29488163662045758        8.0277487673456382E-002
  7.6562192472852795       -1.7153416808886288        7.2796545490528581     
  2.8617951296430948        4.3430209885777140       -8.4216830481747902     
-0.51093491462897855       -3.7031425220406868       -9.4157496516367001     
 -5.3465339082836669        5.0804931469146446       -3.0660091397293163     
  2.6388162553394174        2.3317556356524625        5.3046178353758222     
 -17.400977823770134       -12.265901853355230        7.8909151529146051     
  4.0546839004368673E-002  -3.3742778588429827        11.317173333391795     
  2.9328839973137395       -2.0383646614793660      -0.63250921278274463     
  2.4211237951556961       -5.1122791640920218       -9.5628143208588604E-002
  2.0567611827401104       -4.2596474383742784       0.48103843512697370     
 -15.374967380049336        9.5183458080571448       0.56798728966577527     
  6.9280962417193459        12.548086257191187       -22.870690156954684     
 -1.5597384142047226       -2.8647603506288402        4.0266046543394465     
 -5.0508830025849871        4.2217974306485155       -2.6839463260582255     
 -3.3203594086956394       -4.0588703301815876       0.82069725067025612     
 -1.5113604038089052        4.2906608119887721        2.7619912073469317     
  3.9017249517576196        32.934123829495967        7.6626502613584222     
 -3.1277776447683667        4.7935402543734247       -6.2984253819411791     
  1.0994349966062482        6.8163101147494460       -1.9211536957291366     
  1.1569027004610708       0.26373132284685513       -1.6622879294569670     
  11.566084115671396       0.16348851430935699       -7.9791144755120138     
 0.10523938497561454        17.742613385101084        9.3529914970231705     
 0.88016911799650799        4.5791670702479861       -10.909448528636990     
  9.9299214329622298      -0.87574279838163105      -0.10211908441939910     
 -1.3516093129342683       -2.8042590547936252        1.0389813505542480     
  8.7801080423832101      -0.70213925132895127        3.8520901904240388     
 -3.2459468069812685        11.742194858197914        1.5829168204056581     
  15.766025565108677       -8.5074215293147546        5.5586332667261074     
 0.30454703297056984        1.5844691299143718       -3.3170068868446964E-002
-0.18825279906579434        1.1296093243543963        1.8208622014379758     
  2.6301000489118289       -3.9973089082782240       -3.5909845734243597     
 -1.7988293157219175        1.7472595126513977        7.5599448210316478     
  1.1872683893707754        8.8672018176946494        14.668754977466433     
 -4.0921050976928185E-002   1.9351391814414658        1.0409363190009735     
  2.4569177053266724       -3.2629251910883008       -3.6896437759261036     
  5.2925585911369843        7.9593181402746307        16.526892749015300     
 -11.321980975264470        7.4066182410123309       -2.1578577374991861     
 -6.1543569471583153        5.0701173764058103       -5.2895817035366610     
  1.8291174354847533        3.5407107254153147       -3.1539801380442327     
 -1.1060084737814246       -5.5825660605974665      -0.31243705518837961     
 -7.8781846661148620        10.572965444848979       -3.8178006268020748     
  3.5649527030622545        8.0127410333817686        1.2573631784315364     
  4.2801416987171441        9.9241503598744618        6.9341997962489836     
 0.14097721300124616       0.45920492019020137        1.2017101330590856     
  3.3878534224711818       -1.0354137019760556       -9.2815761457330446     
 -7.1418943934450052       -10.169775965453551       0.18957642458832871     
 -6.9232639942809815       -3.7652726483738714       -2.1174580552781550     
 -4.3165221610438858       -5.3239703132088243       -9.6719641731567751     
  5.8480654896431066       -2.0424204864801454       -3.1782005326570699     
  1.0303403653926801        5.1404998896810294        4.1189721328738278     
  11.665812526494109       -16.498678887042132        6.1796933700358183     
 -2.2103135919061199        8.8925008355570174        7.8562424822556653E-002
 -11.556120075935512        9.7258000289581421       -6.6522846094465099E-002
  1.7093679692364341       -3.5264912769372674        2.9010794587713820     
  3.3450241726912262       0.19841469283241930      -0.47115183134742622     
 -5.6616201822126255        9.1564864623966233        8.2219689822160564     
 -8.1899848017801737        9.6189114754035661       -4.4804284441343967     
  3.4435439554164722        2.2317448388632317       0.61196874406978130     
